-707
-2131
-2506
-2041
-219
-3998
-3186
-145
-3148
-2354
-1404
-1697
-168
-3633
-4318
-3605
-4246
-4268
-2698
-3347
-4901
-656
-2496
-1125
-4234
-4039
-1849
-1202
-1461
-2245
-979
-87
-586
-2508
-2925
-3760
-1016
-1376
-4978
5
-1930
-4152
-810
-4365
467
-2973
-3399
69
-2839
-3299
-320
-870
-1028
-4135
-4500
-1059
-4439
-4985
-1246
-2671
-3827
-700
-216
-3725
-847
-4809
-4943
-1372
-4910
-4826
-3712
-4024
-1780
-4989
-3377
-4119
-3
-3981
-997
-4558
-317
-3976
-1550
-2340
-1294
35
-1604
-3892
-2477
-1499
-1823
-665
-3105
-646
-1774
-3393
-4897
-3379
-2128
-2080
-2313
-4098
231
-1973
-2439
-2972
299
-1664
-1234
-552
95
-3454
-1826
-954
172
-4208
-4100
-766
-1881
-4773
-972
-3384
-2347
-228
-876
-4941
-427
-2509
-2157
-2871
-4711
-589
-1277
-3987
-326
398
336
-4966
32
-377
-4818
-3026
-3968
-3924
-1469
406
-1232
484
-2818
160
-788
-3945
-2496
-4536
-101
-1019
-1926
-2369
-3895
-4107
-2719
-3784
-3506
-1350
-772
-4160
312
372
-1676
223
-478
-3556
-2000
-954
-4224
-234
-1744
422
-3518
-700
-4672
-4644
-4696
-4217
-4734
-4096
-51
-1111
258
-899
-4533
-4057
-3326
-4595
-4872
-3385
150
-437
212
-646
-822
-1804
-4484
-3221
-1262
-4651
-4315
-3835
382
-3599
-3644
-467
-2291
-1967
-1676
-4264
-1663
491
-1309
-480
-4745
-82
-3292
-707
-462
-1858
-1573
-518
-1280
-4438
-3819
-3076
-4104
-2738
-3192
-4062
-1488
-1485
-27
-1405
-203
-1741
-4096
-2889
-631
-893
-311
-4146
-183
-4536
-2854
-4854
-3235
-2594
-2656
-1266
-3630
-4650
-3925
-4161
-2671
-2777
-2445
212
-1131
-652
182
-4289
6
-2987
-1107
-2353
125
-2883
-1937
-2523
-929
322
-4798
-3618
-3905
-2869
-1071
-2155
-1191
-3739
-4209
-1983
-2678
-3798
-3948
-4817
-4917
-3558
-3723
-3061
-3894
-899
-601
-4177
-851
-4167
-894
-3788
-371
-75
-1795
-1161
-2533
-4174
-567
-4559
-2889
-2563
-2913
-3547
-3109
-4649
355
-12
92
-4505
-1898
-1324
-3760
75
-2517
-4217
-3747
-1045
-418
-3958
-4535
-2268
-2662
-2577
-3535
-4539
-1836
-1673
-2380
-2931
-3248
-1057
-2680
-2689
-689
-767
-42
-391
-383
-2263
-2835
-258
-3713
-3373
-2455
-751
-3068
253
-4547
-3299
-548
-2473
-87
-3365
-2137
-371
-2898
-426
-4896
-1972
-4781
-4154
-2416
-274
-1434
-695
-1680
-1967
-352
-3944
-967
-3253
49
-3416
-2933
-812
-94
318
-1565
-790
-4254
-2482
-598
-630
-1430
-3691
-1748
-3157
423
-1665
-4176
-368
-3003
-436
-262
-3545
-4685
-4117
-2597
-2315
-2062
-4306
-2720
-1439
457
-990
-4210
-4126
-1425
392
-488
-980
-2198
-4691
-1357
-1151
-2363
-4251
-965
-1611
-3782
-205
-566
-4837
-1729
-999
-3068
-4675
-4604
-1480
409
-2902
-17
-2223
-4045
-3808
-2203
-3107
-1656
-4688
-2344
-4962
-1680
-4958
-3710
-412
-4089
-4707
-1035
-1852
-4980
-2695
-4300
-1879
-1999
-4462
-727
-1771
-1235
-3771
-2386
-4569
-3647
-110
-3203
-4897
-1839
-1489
261
-469
-4470
141
-3302
-3044
-676
-3387
-2588
-2701
-3537
-2321
-3801
-2453
-2785
-943
-3053
-1983
-4832
-2506
-1386
-4027
-3956
-1407
-3871
-1250
168
-1323
-2206
-907
-485
-888
194
-4973
-1163
-2470
-4
-1831
-943
-3531
-3935
-2374
-1771
-2663
-1003
-3127
-1634
-1588
-4479
-2841
-4992
-2116
-416
-4990
-3018
-936
-1128
-1324
-1205
-1039
-230
-3143
123
-2719
-4279
-3415
-4320
-1426
-4935
-1842
-491
-1022
-3942
-476
-4094
125
-3322
-997
-2373
-4684
-1505
-2239
311
-1463
-723
-4966
-2643
-1871
-2636
-2165
-2610
-858
-1257
-791
-902
-1870
-4952
-4297
-1894
-899
-3049
-3783
-2322
337
-4966
-3189
-2350
-2250
-3783
-461
-4093
-2001
-4705
-3809
-219
-1394
-1132
-3287
-4835
-3135
-434
-3329
250
-3245
-2672
-2930
-1178
-3919
-4885
-4918
-2382
-380
-2832
-3194
-1779
-4872
-1356
-4979
18
-3120
-4513
-730
-1306
-79
-1859
-2049
-3335
-4089
320
-1527
123
-4042
-1120
-2201
-850
-3667
-687
-4221
-696
-1978
-4077
-263
-3710
-147
-1623
366
450
44
-3924
-1653
-3825
-1024
-4817
-1461
-3512
-1711
-1909
195
-1086
-1651
-4482
-2975
409
-4309
-4916
-1822
-293
-2690
-2168
-3860
-4580
-4553
-275
310
-3306
-4783
-3099
-3754
-1411
-1469
-4617
-1116
-488
-4711
-294
-2226
-2287
-4400
-2555
-1534
-1030
255
-360
-2410
-2962
-3585
-3181
-4889
-965
-122
-2840
-383
-1276
-1135
-698
-1659
-438
-4102
-488
-3003
-2846
313
-2206
-3095
-1280
-3303
-3579
-3504
-4809
-1369
392
-1007
-3464
-3066
-2959
-2687
-3015
-1824
-4503
-4839
-2901
-2763
-4774
-126
-3930
-2171
-3578
-4642
-2187
-3032
-3882
-1937
-500
-2496
-4769
-1688
-363
310
-2717
-4928
-4349
-1664
-4445
-563
-1635
-3076
-723
-2957
-1975
-1963
-4697
-334
-3614
-3345
-549
346
484
1
-150
-4920
-4407
9
-386
-3739
-2340
-2294
-2497
-4817
-3639
-4108
-2019
-2663
-1969
-931
-4366
-2202
-2137
313
-770
-3019
-2254
-1551
-309
-3380
-1197
-3984
-448
-173
-3865
-1802
310
-287
-1047
-1240
-597
-2076
-726
-4308
380
-2068
-937
348
-3104
-1073
-350
-2125
-4494
-1956
293
-4298
-832
-1179
-4311
-1033
41
-1212
-1795
-3048
-1188
-1513
-902
-2316
-1404
-1947
-1307
-1838
-3197
-3626
-3635
-136
-3069
-4673
-2459
-4789
-4716
-3633
-3092
-1567
-4089
-1765
-76
-3322
-2544
-1596
-4884
-2048
-3243
-2761
-26
-741
-2287
-1652
-4923
-4236
-859
-604
332
-1611
-419
-859
-4588
-728
-2051
-281
457
-3255
-3786
-2181
-566
-2460
247
-587
-3001
-4961
-975
-3391
-2547
-2238
-1757
-2860
-2976
-1926
-2796
-240
-2374
-2115
-3951
-4844
-3933
-2131
-4836
-4563
-2947
-2977
-2049
-763
-1128
-1534
-1196
-2963
-1672
239
-3367
-925
-1214
-4488
-4941
382
-2920
-2065
247
-4069
-670
-4907
-1685
-1537
246
-2578
-1530
-1429
57
-4390
-2011
-4697
-2221
-4432
-1391
-951
-2715
-1926
-2154
-2271
-2593
-3811
-3368
-4254
-2509
-4706
-4100
-314
-1042
-425
-1032
-3482
-1791
-1651
-3955
-4363
-1522
-4709
-4797
-1848
412
-2981
-2572
-2154
-1851
-613
-814
-2224
-471
-3454
-509
-3560
-3113
-708
-4940
-2683
-4285
-1987
-3719
-4055
-2673
-1791
-1185
-846
-3508
-590
-1159
-4921
-1005
-36
-711
-3278
385
-535
-1103
-4988
-4643
-3314
-1605
-2848
-2935
-4151
-2066
236
-2715
-2609
-4932
-1728
-3392
-4109
-189
-4852
489
-2129
-3116
-3076
-3869
-1517
-1610
-272
-291
-4282
-3541
-494
-1847
-450
-1069
-2140
68
-948
458
-860
-808
-551
-2470
-908
234
-1583
463
63
-16
-1930
-1633
-705
-448
-441
476
-1496
-4526
-2739
-2391
-2803
-1673
-231
-4050
-4105
-596
-2402
-3568
-4818
350
-155
-4047
-544
-2526
-2232
-1246
326
-2475
-2200
-273
-3904
-2379
-3891
-1537
-1714
-48
-3661
-2430
-2468
-3169
-1387
-4498
-1519
-1864
-2268
-2046
-2550
-2574
-3608
-2710
-3587
-1220
-2237
-2486
-1078
-1535
-771
478
-3228
-191
-4409
-2529
-886
-397
-3987
-1003
-1299
-1812
-2731
464
162
-916
-4881
-410
-4887
-928
-978
-3284
-2079
-3309
-4440
-2786
-2162
-757
-4070
280
-3961
-3300
-4985
-4002
-2624
-4805
-2016
-1869
-2011
-2202
-4090
-165
-2567
-4889
-4953
-1886
-1852
251
-609
-1089
-4721
-4656
-2741
-3091
-892
-4078
-2853
-708
-2475
-2525
-3166
-250
435
-766
-1362
-1072
-97
-52
-3868
-3228
-2162
-1741
-899
-4356
184
-892
-4654
-3974
140
-4786
-4478
-3188
-1946
390
-1809
-836
-3681
344
-680
-4905
-4736
-491
-500
-2929
-2893
-4837
-2424
392
-3449
-2783
371
-466
-4045
-3655
-1684
-1323
-620
-2594
-2480
-4152
-3280
-1655
-1394
-895
-2548
-1823
-4059
-3373
-1424
-912
-1112
-1113
-509
-3911
-2193
-1635
-364
-3832
-2867
-3884
-3786
-4277
-3353
-4351
42
-1167
-1736
-1099
-1270
-3027
-4501
-893
-835
-1384
-740
-2959
-1383
-4335
-4000
-1052
-3010
-3363
-359
-1002
-1041
-1563
-3444
-2047
-930
417
-1710
-1857
-4160
-4050
492
-910
-3769
-3027
-4413
-3362
-239
-1225
-1947
-4178
-2119
-3701
-415
421
-4414
337
-759
-989
-3301
-3219
-4396
-680
-4951
-4805
-3200
-2720
-4408
-2671
-1488
-1188
-133
-2694
-3091
-792
-3908
164
-575
-4519
-43
-4553
-732
-1426
-3722
-3527
-1260
402
-3993
-4938
-1968
-103
-4083
-3856
-937
-3954
-4599
-1339
-1608
306
-1419
-4815
-3327
-4336
-3571
-2642
-1003
-1504
-1298
-3883
-4225
-677
-692
-3014
-1045
-711
-92
-4871
-3017
-3190
-3426
-3995
-2099
-1577
-137
-2090
-3561
-217
-1005
-933
-4496
-3186
201
-3529
-3612
-3664
-2463
-3889
-1568
-4944
-872
-1279
-4184
-718
-3607
-3841
-1334
-1803
66
-3756
-774
175
-2841
-4385
-3590
94
-2455
-2162
-4484
-82
-2619
-3371
-2868
-2320
-1112
-3281
-3301
-3175
-4722
-3466
-2101
-357
-3709
-81
-1464
-3407
-3448
-1189
-2177
-3407
-4769
-3267
-900
-1074
-4522
-3815
-4590
-1971
-1205
-3503
-691
-2266
-733
-4031
-3603
-3351
-3491
-2245
-1693
-4434
-1256
-4069
-2914
-2292
-544
-1864
-4458
-4921
-2224
-2150
149
-2016
-2092
-687
-4092
-160
-3702
-3202
434
-4176
-488
-3746
-3727
-988
-2551
-2354
-63
-3944
-1204
-3765
-1755
-4270
-1803
-2248
-3418
-3045
-1068
-1044
-4335
-4668
-2783
-1245
-4751
-1189
-2434
-4105
-1937
-1077
-2654
-3374
63
-1128
-2537
-3109
-2838
-2201
-4026
-4678
-586
-4889
-2737
-2673
-3959
-2519
-73
-1162
-3487
-2757
-547
-413
-2701
-3602
-2887
-2173
-2976
-2995
-772
-1634
-978
-208
-869
-754
-3914
-3697
-2630
-1898
-2997
-3059
-2083
-307
312
385
-1016
410
-3968
-2408
-406
-4455
-3341
-2854
-1522
-781
-2833
-2001
-3067
-3902
-4975
-3065
-4264
-4987
-4072
-2166
-649
-1805
-4769
-1025
-2508
-3728
-2995
-3957
-2717
-3894
-2572
-2730
-429
443
-1255
-1598
-742
-2814
-746
-534
-3919
-4021
-2858
351
-101
-4510
-4228
-4457
-3879
-1562
272
-2143
-3767
-2583
-3784
330
-4361
-962
-1344
450
276
212
-2681
-228
-2329
-4095
-2183
102
-3518
-877
-151
-45
-2249
-2183
29
-3127
-4229
176
-402
-3550
-1633
-3406
-309
-3563
-1554
-454
-4559
124
-2118
-3781
318
442
-4647
486
-288
-991
-3832
-568
-2662
-4496
-3198
-982
-23
-961
-463
-2909
-4486
-1916
-2585
-2085
281
-3004
-1622
-3632
-1355
-3354
216
-564
-1928
-1359
-885
-1584
-974
-4905
-2913
-3082
-805
-3851
-2788
-304
-275
-3038
-3607
207
-1593
-4019
-52
-3671
-1218
-3262
-3943
-1540
-4029
-4314
-2311
-4994
-2240
-3303
-1308
-4844
-4909
51
-4339
-1312
-2267
-1445
-455
-4313
-1394
361
-180
-3918
-4893
-3947
126
-3905
-2288
-4384
-2601
-407
-4536
488
-3100
-2500
-4754
-3406
36
-3643
-679
-3048
-4949
-3354
-1308
-148
-1229
-2109
-1260
-4369
-1100
-2010
-4345
-1425
456
-1699
-816
253
-3243
-1436
-408
-4748
-1876
-641
-2054
-4672
-3160
-4613
-2830
-1851
-1843
-1551
-664
-1568
-4020
-874
-4671
-1240
128
-3137
-4034
231
88
-3902
-3179
-1284
-3474
-1640
-271
-2844
-2459
-2283
-2543
-259
-1308
-215
-1852
-3675
-513
-3109
-2751
-633
-987
-2293
159
-3742
-4879
-748
-1959
-903
-2924
-2018
239
-3665
-2160
-1589
-419
-684
-3792
-3673
-1162
-3837
-1216
-2176
-1025
-1494
189
-3738
-2733
-2999
-2822
-2066
-4385
-2716
249
-2592
469
-2201
-619
208
-1861
-3487
-3327
-3891
-4922
-3628
-1679
-4407
-4701
-3407
-29
-1284
-1571
-4514
-157
-2774
-4071
-3322
-680
-1956
315
-2990
-4150
-4271
-1891
-2029
-4286
-562
-4988
-1815
-1765
-3793
-2208
-4459
401
-3432
-3630
-3360
-163
-2054
-3514
-1657
-494
-111
-2052
-2268
-2737
-4843
-1279
-1588
-2149
-4105
251
-470
-2365
-2255
247
-1801
-865
-142
-4610
-24
-2132
-844
-661
-1007
489
-882
-3776
-150
-3142
-2812
-3554
-426
-2435
-3552
-3011
-3079
-1927
-1831
-2323
-2118
-450
-1218
-727
-2207
-2879
-4860
-3910
-1562
-3631
-2738
-1010
-2891
-2174
483
-1650
-2058
-1799
-3704
-943
-2040
-1278
-294
-3558
-2677
-4833
-4082
370
-1410
-3013
-1477
-1315
-1656
-172
-2106
-3545
-1720
-3735
-4343
-351
-4196
-2667
-2232
-3556
-1285
-2595
-4116
-4557
-4128
-2013
-4917
-560
-4956
-2000
-3229
-729
-2392
-2135
-3724
-511
-4508
-4650
-269
-717
-3062
-4582
-2441
-4073
-2757
-4821
-40
-1660
-1505
-1871
-2489
-4623
-1426
-2370
-1258
-3048
-3969
-4590
-2833
-4132
-4818
-325
-1796
-3625
-4365
-2412
-4561
197
173
-583
-3233
71
-579
199
-4731
-3436
-496
354
-1472
-906
-3753
-3090
-4088
-4957
405
-3404
-2899
-3922
-4050
141
-442
-704
-4869
8
-1583
270
-3655
-4003
-755
-2964
-4529
-623
-74
464
30
-4186
-3790
-2096
-3962
-2101
-3309
-3779
-27
379
-814
-2156
347
-961
-842
-4289
-3709
-1143
-4941
-3509
-2823
-1329
-3745
-2009
-3777
-1621
-3362
-3786
-777
-4128
-4704
-4779
-746
-492
-3717
-4514
-3037
-3850
-1037
-4891
-3733
-711
-1549
-4225
-4689
-271
-2085
-1450
-1232
-2214
-445
320
-763
-4586
-263
-3778
159
-3849
-824
-1467
-902
81
-1138
-1108
-4840
-3392
-2609
-4554
-384
-2638
-56
-4110
297
-4303
205
-537
-2587
-1668
-1299
-1396
-1189
-1025
-2396
-4817
-4007
-2275
-1269
-3655
-1020
-2910
-3556
-4426
-4725
-2040
-4781
-132
-3485
-2832
-3957
258
-1949
-3415
-1296
301
447
31
441
-2114
-3724
-456
-3252
-4867
-4180
-3434
-882
-3325
-3757
-3443
-2900
-3814
-2402
-415
-2887
-3188
-1061
-1937
-1394
-341
-3169
-4088
-485
-1160
-4798
-3957
-4163
-3363
-2985
-2991
-1346
-1220
-596
-4491
-390
-170
263
-4924
-4501
-688
-4233
-3118
-3340
333
-1998
-4045
352
-4902
-331
-1774
-1806
-1732
-4537
-3953
-3140
-139
-3793
-2231
-3073
-2331
-4161
145
-3707
-1209
-1267
-4588
169
339
-3176
419
-1459
-3354
-3482
-3967
-868
-1718
-4218
-4399
-3031
-3373
-4985
-4663
-3273
-1145
-2080
-864
-3871
-2650
-1683
202
-839
-4825
-4502
361
-3292
388
-1034
-2094
-1245
-106
-3193
-3171
-2550
-2089
-2210
-2609
-3493
185
171
-1437
-2596
-3161
-635
-4652
-4443
-4858
-2307
-1530
-13
-4760
-2110
-1126
-580
-3181
-1345
-4632
-4903
365
-779
-4134
-679
-4969
276
-1028
-4840
-3189
-3261
-2579
-4545
-163
-1950
-4728
-3329
-4946
-4526
-4230
-4770
402
-2091
-4695
-1260
-3059
-2530
-4654
-2327
-4527
-4775
-3356
-1525
-4465
-1418
-714
-3057
-226
-251
-2446
-4646
-4553
-3728
351
-4248
-15
-3158
402
-715
-2695
-3991
-1637
-4730
-3120
-4565
-3645
-1409
-2737
-3923
-1978
-4022
-2491
143
-1414
-2093
-3717
494
-2245
-4912
-4672
-1436
-1963
366
-2788
-1162
-309
-151
-111
-4186
-2981
-413
-1763
-3325
487
-2285
-2485
431
240
-1978
265
-1701
-4922
-3834
-908
-1884
-236
164
-2487
-4838
-1504
14
-97
-1367
-2747
-1905
-1551
-320
-3892
-2173
-4809
-3091
-1045
-1245
-4625
-2933
-1643
-418
-1688
23
-1066
-4387
-2674
-1761
-2406
286
-2564
-4609
-3589
-1254
-2029
-654
-4605
-2853
-3507
-2113
-4150
-1017
369
-3097
-1586
-3898
-1048
-2758
56
-4774
-1455
-1469
-3316
-130
489
-891
484
-4627
-2932
-493
-2072
-3544
140
-3982
-3219
-1043
376
-4950
-2691
-1379
-3449
-811
-1653
-4583
-2376
-658
-2036
-3638
-3105
-4230
-4090
-4010
-3385
-2256
-1629
-4186
-1063
-1809
-2941
-2922
-3711
-1805
-2068
-383
-1438
-3353
-802
-3755
-3419
-4873
-1027
-3244
-4643
-2949
431
-3044
-4141
-4523
-4181
-1404
-251
-1328
-2778
-2621
-1926
-4603
-2294
-660
-4561
-1839
-1750
-1372
-3630
-3848
-2534
-1043
-668
-2391
-3991
-4716
-2895
-4341
-899
-3679
-1089
282
-1881
-1133
150
-2561
-1922
-3522
-1907
-3053
-2829
-818
-2144
-1067
-2545
-1663
-2749
-1410
-2804
-422
-2333
-1707
-3911
-2112
-2894
-1727
-29
-4686
-1252
-4925
-2271
-3404
-4966
49
-2160
-2842
-4562
-1355
-2442
-562
-2129
-3806
-128
-4273
-2810
-225
-4153
-1538
-1483
-312
-1711
-2791
-24
-4547
-3543
-1511
-635
-3982
-651
-2344
-2258
-2557
-4164
-3346
-191
-2428
463
-3383
-363
-3281
-2036
-3748
-1597
-2829
219
-1041
-53
-2788
-2166
188
-2972
-1803
-3529
-1435
-460
-657
-1522
-1256
365
-130
-1292
-3278
-4400
-934
319
-2051
-2049
-3361
-2115
-2018
-3699
-4330
-2350
-3097
-3094
-1273
-2360
-2387
-3448
-504
-860
-20
-2300
-43
-4360
-232
-4853
-1621
-1670
-80
-1138
-4963
-1469
-4240
-4163
-1484
-4628
189
-2237
-511
-561
-4940
-2047
-2465
-3881
460
-3786
-2473
-2404
-2766
-2664
-1143
414
-3152
-85
303
-2706
-2138
-1886
-2249
-919
-4648
-2835
-1523
447
8
-3636
-105
-282
-3022
-1593
-2745
-3861
-637
-1387
39
-2474
-1222
-491
-619
-999
-614
-2304
-980
-194
-218
-591
-1194
-3603
-3174
-1035
64
73
-3611
-555
-1754
-1271
-1068
-3827
-3174
-1483
158
-4430
-2446
-4359
-4482
-2321
-2813
-3329
-3585
-2485
-2120
-348
-2087
-1988
154
17
-4012
-3349
-109
-1807
263
-3643
-3516
-2019
-3173
-3938
-3139
-3203
-3118
-1566
-1264
268
-4530
-3586
-4393
190
-501
-2415
-4836
-3832
-2836
-4221
-3454
-4002
-3844
-2754
-63
-4738
-4718
-4033
-4478
-794
125
-253
-3166
-2261
-2873
-4435
-1529
-2559
-2766
-90
-4084
-3476
-3547
-4895
123
-2961
-196
-2660
-508
-1937
-1300
-548
-3987
-4062
-3803
-682
-426
-2590
-2957
-3232
-1322
-70
-1548
-2015
-4284
-4488
-4840
-2553
-977
-4611
-765
-3824
-823
-1696
-3758
-352
-1648
-2877
-2727
-1697
-14
-3257
-1809
-2611
-4330
-2208
-4008
-640
-307
-3615
-816
-2261
-1546
316
-4314
-4181
-2544
-2334
-1066
-3795
-4883
382
-3663
-2630
-2323
-4046
-1539
-229
-413
-4260
358
-1267
-4871
-2236
-2004
-3122
-2997
-848
-3732
-4628
216
-14
-620
51
-790
277
-4525
-188
-281
-2100
-26
-4336
-2434
-3099
-1885
-473
-318
-1300
-131
-2707
-4617
-3298
-1806
-4576
-3025
-3957
-1670
-301
-3291
80
-976
-537
-4746
-2332
454
-543
17
-3880
-1976
-2337
-877
-2496
285
-2817
-2071
-3983
245
-3087
-177
-612
245
-4419
-4735
-1779
-3407
-1826
-2106
-706
-2729
-2002
-3852
-3878
289
-3265
-3778
-3129
-744
-339
-4208
-4569
-1063
-756
-5000
-82
-2560
-332
-4038
-2113
-3196
491
-1771
334
-1144
-4490
478
-2721
-2777
321
-2350
-245
-1196
-849
-2526
-3387
463
-369
388
-716
-2915
-1320
-4002
-1887
-574
-117
-2960
-3322
-2361
-78
-1944
-2655
-2698
-3309
-2940
-3765
-807
-4810
-4334
-3797
-4605
-2459
-2614
212
-2538
100
-1211
409
300
-2962
-2272
-1483
-961
-2480
-2830
-1326
-4326
147
-1583
-4967
-4427
-1588
-206
-337
-2223
-3755
-1010
-1443
256
71
369
-3006
-3072
-4266
495
-4964
290
-577
-2881
-681
-2085
-2600
-2315
-2016
-1678
-2726
-1980
-966
-2395
-537
34
159
-2779
-2764
-2103
-4815
-4510
-3458
-814
-3263
-1574
-3773
-308
-3201
-3806
-1697
-2586
-318
-4562
-3846
-2640
-4644
-1872
-2880
-3658
-167
-116
-1451
-1116
-4844
-4457
-130
-2513
-4160
195
-4562
-4955
454
-1242
-4793
-3953
-3650
223
386
-585
-3437
-2306
-471
456
-1048
-4273
-3990
-4395
-1917
-1989
-2462
-1872
-4344
-2799
-3569
-360
-1894
-4668
-585
251
-1075
-1282
-1984
-926
-3516
-4387
-1623
-1724
-4392
146
-1492
-253
-1838
-4303
-1113
-1748
-1056
-891
-777
-2452
-1929
-1798
-4664
-1611
-2450
-3352
-775
-3283
-1124
-557
-3739
-3473
-5
33
-4073
-4151
-3095
-4727
313
-4519
-3346
-539
-4154
375
474
-3451
-491
-4002
-3166
-3661
-3092
-3359
-1742
-2406
-1380
-4847
-4819
-4211
-1562
468
-1877
-2789
-4477
-4158
-1111
-834
-3694
-2980
-82
-1989
-2610
-1883
-4616
-2119
-919
-1785
-2629
-4343
-2025
-2520
-2572
-3756
-2080
-1374
-4549
467
-87
462
-3766
-4350
-2133
-4626
-138
-900
-664
-2588
271
-4911
-2992
-4035
-4003
-4149
-4300
-70
-1028
-133
-1421
-3140
364
-1739
-4564
272
-2591
-1444
-4182
-4153
-3380
-1502
-523
-4483
49
-3182
-3399
-436
-4679
-2875
-2490
-2588
-4611
-3190
-3604
-1180
-3027
-612
-262
-309
-4938
-3369
-1447
-1099
-1900
-1126
-2394
-3900
-17
-1169
390
-963
-513
-2057
-4897
-3455
-3648
471
-4309
-2885
-3849
26
-1535
-337
-2411
-3856
-1627
-2451
-452
-2199
-2132
486
-4276
-1048
-1156
-1056
-4314
-724
-853
-2845
-4741
194
-3324
-2751
-4263
-538
-4398
-1657
-1289
-643
-2516
174
-1496
-1823
-4103
-3302
-3624
-4960
125
-4293
160
-2605
-2563
-3726
-1879
-3489
-1656
-4231
-4375
-4535
-2145
-3440
-165
-2688
-372
-1173
72
-4934
13
-492
-2118
100
-1938
-1314
-1286
-3004
-630
-2679
-3198
-2964
112
-3404
-4016
-1706
492
-2748
-1573
-770
-1981
-614
-2584
-939
-2168
-598
-617
-1596
-180
-574
-1356
-3274
-3617
-3343
165
-3659
-3369
-3957
-4623
-2009
12
-3051
-398
-3242
-2257
-2842
-525
-673
-3373
-1689
286
-2546
-4845
-4210
-3876
-1142
-1429
-3037
-1924
-3818
-3157
-726
-1830
-208
-1382
-789
-2265
-4404
-3475
-3689
-903
-4694
-1009
-3137
-1738
-4183
-2981
-368
-4135
-757
-2165
-898
26
-269
-343
-4800
-3622
-651
-4415
-2865
-3946
-1444
-2387
-133
-2182
-651
-4345
-3173
-3321
-4522
-3535
-481
-2375
-1482
99
-4316
-1292
-4887
-1655
-4193
-1799
-839
-4765
-4676
-1872
-4695
-1849
-3444
-1938
-1578
-3792
-939
194
-3963
18
-1885
-2930
-3301
-1555
-3959
-4932
10
-1624
-2900
-33
-3261
-4738
-3117
-4563
-2374
-4393
-1110
-3565
-1979
-3195
-4862
-4813
-3884
-4195
-3186
-4589
-4529
-2933
-2400
-1176
-2871
-2704
-542
-2909
-3881
-4483
-4228
-4855
-3963
-832
-2661
-2037
-607
-2771
107
-1665
-1224
-2633
-3845
493
-1056
-2983
-3114
-2765
286
-1160
-1362
-1826
-3498
-2853
-1613
-3234
-1049
-3691
-481
-4440
-2397
245
-3533
-3196
-1115
-4897
-2045
-4514
-4997
-3203
-1355
-1629
-1416
-2265
-661
-2616
-4590
-1317
-747
-2616
-4156
-3678
-4513
-308
-1655
296
222
-1688
251
-494
-2423
-4353
-262
-153
-2977
-2500
-59
-3616
-2336
-86
-4781
-2114
-1246
-1335
-1297
-1633
-2421
-2101
-1343
-2341
-1573
-1531
-1804
-4557
-2562
-359
-124
-4131
-102
-4027
-4671
-4813
-79
-1777
416
-2081
-1589
-595
-1237
-390
-4734
49
-2060
-597
-545
-4890
352
-1640
-3680
-1304
487
50
-462
423
-2405
-1525
-474
-2082
-94
-2273
-4510
-4956
-3544
-272
-1826
-3046
-2533
-4197
-2377
-1082
-4238
17
-355
-4124
-4799
-3013
-741
-1851
131
364
-4210
-4474
-4956
-2960
-1292
-1564
-4621
-565
-4591
-3636
-2908
-3461
-1845
-4444
-3602
-3610
-722
-1463
-561
-415
-806
317
-4944
-1999
-868
-2983
-3986
-1921
439
-1051
-2840
-1404
-2689
-4706
-2595
-3487
-107
-827
-2353
-3063
-3727
-78
-4070
-4505
-1251
-1020
-3798
-87
-1279
-2677
-3494
427
-309
-1691
-2104
-1383
-1596
-4980
-902
74
262
-483
-779
-1383
-2101
312
-622
-1688
-461
-111
-2921
119
-3549
-747
-572
-3184
-422
-2676
-2403
122
-4963
-347
-1174
-1223
-635
-4506
-80
-3769
-2412
-1135
-3700
-26
-3253
-3350
-1039
-1123
-4451
-3092
-1942
-2125
-2338
-1082
-942
-1304
-1061
-3870
359
-2739
-4750
-2529
-2973
-53
-4676
-651
-2376
-4703
-1191
-3459
-1399
-472
-172
-4181
-4445
-4909
-4569
-2040
-823
-4379
-4351
-4292
-675
-4442
-3865
-682
-1854
367
379
-406
-2507
-1604
-1853
-4533
-643
-809
-4595
-1261
-1435
-4775
-4951
-1614
-3876
-734
-655
-3443
-2175
-2031
136
-2623
-3127
-4156
-4749
-56
-2280
-4250
-4383
-272
-4458
-4635
-4398
396
-1951
-251
-1682
-4421
-4661
-1002
-3338
-2049
-1406
-3285
-4677
-2412
-793
-1152
144
-1
-3029
-3165
-3876
-1300
-2697
-4753
-4957
-4646
-3369
-428
-452
152
97
-2538
-2398
-1931
-340
-2507
-3388
-4402
-4300
-1328
-867
-4837
-2697
-4488
-3410
-964
-929
-3113
-3027
-3118
-4691
-4944
-319
-4043
-1084
-1293
-1638
-2506
-295
419
-403
-4670
-586
329
-474
-4138
-4886
-3272
243
-1924
-4678
-4942
-550
-2272
-1977
-4368
-4897
-4933
-2834
-150
-4217
-4211
-1564
-1278
-4830
-3841
-3309
-4674
-3404
-4344
-2369
-1099
-4282
-3695
-4578
-4134
-4993
-2057
-4547
-4514
137
-3999
400
-403
-4326
-3788
-1036
-991
-3081
-876
-4778
-900
-4086
-1838
-2933
169
-4515
-1494
-1087
-3522
-971
-3726
283
-2345
493
-2982
-4999
-4059
-1677
-1501
239
-2799
-1347
-1629
-3940
-3738
-1817
-1797
-4523
-3351
-2752
-1698
-4096
-4314
-673
-888
-2229
-733
481
184
214
-341
-642
-4681
273
-548
451
86
-3602
-3260
-3642
-3765
-4511
-394
-2187
-2606
-2476
90
-3012
-1861
-2679
-1706
-3206
-985
-2700
-1924
-882
-664
-860
-491
102
-3687
-2846
-1972
-1396
-991
-1108
-1655
-3669
-403
-701
-1188
-805
-3260
-2018
-4437
-3990
-1724
-158
-1083
-595
-1610
-228
-1594
-1949
447
-1978
-2113
-3056
6
-2161
-570
-2217
-2149
-922
-4458
-3921
-915
-646
-3634
-4050
-1096
-502
-4010
-1084
-876
-2881
-1687
-991
-2499
-4206
-4520
-385
-859
-4262
-4887
-158
-3803
-3559
-1503
-3246
-4603
-3054
-2278
-2170
-2510
-3215
-4149
-2821
-2755
-4091
-2111
-4425
-3568
-1525
204
214
-4720
-3847
-3488
-3196
-2646
-805
-115
-2520
-706
-3179
-3058
-427
-893
-3582
-1652
-2053
-2811
-1631
-4076
-3192
-4369
-3807
-1591
486
-2394
-642
-1995
-1495
-4130
-4713
-887
157
-1047
-3311
-287
-3441
15
-2613
-3830
287
-3697
-2568
-3654
-767
-3285
-1114
427
-1475
-4217
-4228
-1162
-3550
-3600
-1057
-2930
-3860
-1776
-3808
-4538
336
-554
-4657
-550
-3446
-640
-311
-1805
293
-1619
-608
-4954
-3194
366
-891
-1747
-3473
-1276
-4516
-54
-2438
-4503
-1761
-4921
-1508
335
-2280
-2509
-4364
-1014
-1029
-1342
-571
-3497
-3832
-107
-2679
-1437
-4720
-4314
-3895
-810
-2182
-2930
-4287
-3563
-1396
-3230
-141
-4339
120
-4554
-2665
-3314
-3710
-2955
-3473
-2469
-2671
-2924
-2776
314
-3717
-1372
-2105
-1940
-2508
-2836
-4577
-201
-4021
-763
255
475
-2636
-3018
-3992
-2394
-778
-4781
-3095
-1226
-4249
-4210
-1374
-4181
-2534
-411
-1377
-4972
-2831
-3222
-1918
-2545
-3705
-2441
-601
-4861
-4733
-2994
-2512
-1042
-1266
-3435
-157
-4545
-2384
-4697
-4964
306
-3110
-3043
-3289
-3589
-4139
-4405
283
-2912
-2877
-2786
-2634
-2964
-2959
-2284
-2042
-1495
-1603
-966
-4366
64
-991
150
-3547
-3031
-376
-3270
-2117
-1704
-589
-3065
-637
-4852
-3846
-1535
-3146
-4888
-3055
-1671
-1319
-376
-2131
-1605
-4301
-825
-4636
-4849
-3135
-104
14
-1598
-1578
-4688
-3659
-3197
-3720
-3414
-935
-3129
-815
-2749
-4841
-97
-1085
-2955
-576
-2600
-4020
-4791
-484
-3577
-929
-4095
-158
-677
-2311
-3600
354
312
-4946
-3175
-4640
-4702
-2917
-4275
-3886
-3716
-384
300
-588
-57
-2383
-2739
-2718
-4445
-4665
-2490
-1518
-1174
-464
-3014
-3129
-1603
-2472
-4236
208
-2400
-3601
-4888
-3187
-2570
-4654
-2558
-1171
-3905
-1389
462
-673
-3943
-4658
349
-2052
-2513
-52
-437
-1531
245
-2526
-617
-2397
-1575
-4168
-2460
-494
-1703
-4895
-439
-2394
-4334
-1591
-175
-4102
-2765
-2718
-4110
-123
-389
-2171
-2140
3
-3263
-2952
-1062
276
-1258
-1310
-4559
-351
-3443
-208
-4468
-1995
-2864
-1225
-1289
-2645
-650
-677
438
-3565
-1909
-4308
-3863
-1707
-3500
-4507
497
-308
-2821
-2332
-516
-4742
-3492
-4491
-4874
14
-3108
-4745
-4934
-3658
-4019
-1403
-2310
-1766
-702
-101
-10
-755
81
-3265
-2731
-4462
-827
-980
-2433
-2651
-3314
-4550
-3528
-4342
-2119
-3447
-813
-3083
-297
-4570
-728
-3818
-1937
-2762
-2431
-4350
-3776
-3673
-1672
-5000
-3432
-3940
-3703
-650
-2657
-4086
-2170
-4290
-2891
-2513
183
-3663
334
-2638
-3556
-3052
-143
-4033
-581
-2146
329
-4688
-1800
-3722
-3149
-2720
-631
-2836
-1786
-4688
-4565
-3153
-2447
-3452
-4969
18
-4803
-4406
-2256
-4355
-2097
-2288
-1910
-775
-106
-4345
-4054
-3385
-980
-4788
-4841
-2376
-3899
-4988
-3199
-4694
-3472
-1705
-1102
-1197
-4969
44
121
-4380
-1602
-3891
-4540
-1393
-4065
-4344
-3995
-4559
-2566
-4501
-1605
-925
-4187
236
-3946
-1871
-4450
-3096
296
-2580
-622
-1317
-3535
-292
-1954
-4436
-1148
-3464
-1922
-390
-1765
-1724
-1000
-2627
-518
-4725
-4656
434
-3914
-1251
-1117
-2231
-520
-25
-175
-2269
-2756
-4597
-3024
-3002
-550
-141
-3104
-2460
-172
-4744
-2600
-2785
-1156
-538
-3803
-4852
-1956
-2685
-273
-4923
-4588
-1950
-815
-3840
-4249
-1389
-854
-3639
-2680
-3855
-2271
-439
-4787
-1770
-1873
-3829
138
-771
-2912
-2746
-3187
-572
-2451
-1588
-1622
-3261
-2123
-1352
-4850
-3655
-4397
-3558
-934
297
-1983
-1417
-2891
453
-1998
-4586
-3365
133
-1384
-1619
-3632
-3930
-1041
-4327
-1995
-2459
-2900
-1514
-3564
-4875
-595
-1322
-4224
428
-3538
78
-1764
-4091
-4947
-998
-2626
-608
-4709
-2754
-979
-4140
-4277
-1305
453
246
-2944
-3320
-1266
-1538
-1575
-294
-4972
-2487
-789
354
-4108
-4576
-2064
-3437
-949
-1117
-633
-1424
-4796
-3661
-2725
-536
-4923
151
-1795
-775
-1589
-2052
-944
-4905
-4259
472
-1306
-2613
-3226
-3675
-3205
-523
-2568
-959
-488
-3284
-878
-1523
-3430
-2642
-1609
-4927
-692
-647
-4176
-147
-3227
-10
5
-1217
-1715
-511
-293
-145
-2641
-4261
-4098
-2725
220
-4572
-1212
-1714
-3314
-2054
-4342
-4373
111
-2741
-3668
-717
-501
-4886
-4051
139
-2934
-1070
-3403
-199
-4940
-645
239
238
-4554
-1646
-4529
-3077
-3647
-4524
-2428
-3404
-3341
-3565
-300
-3205
-147
-4439
-4000
37
-1245
-2287
-142
-4475
-4126
-1800
-1234
-3429
-2958
-2879
-3586
-1298
-2187
-2178
-3369
-4215
-2126
-1159
435
-2598
-1489
43
-444
-2783
-3416
-1515
-1340
-966
-3984
-4203
-2310
-3842
-3134
-4905
-2905
-3597
-413
-2389
-2044
-4365
-4491
-716
-4212
-4744
-2808
-4970
-4237
-1855
-1877
-1688
-2603
-164
-2284
-1875
-2210
-755
-509
-3337
-4952
-2127
278
-2917
-4852
362
-1390
-1547
-181
-4963
-2484
-2427
-1367
-4455
89
-863
-4879
-4007
-3798
-555
-4193
-1379
-3385
-2209
-4410
-2049
-2961
-1259
-4974
-4605
138
-2410
-2046
-4670
-1447
-360
180
-4089
-1484
-4937
-375
-1169
-1585
-1074
-4866
-2090
-1108
-2147
-3852
-3706
-3477
-3112
-3373
-1962
-3609
-2122
-2169
-3560
-790
-3975
-73
-4913
-3041
-3702
-2270
-1200
-3311
-584
-4531
-1254
-1271
-1953
-408
-4070
-1495
454
-3435
109
-3524
58
-750
-2352
-1482
-3354
-4907
-3668
418
-4872
-1047
-1028
-646
-389
-4585
-3096
-1467
-2593
157
-2473
-4676
-4350
-3091
-3037
-1017
-64
-1599
-2340
-2914
-212
-652
280
-2990
-283
-2787
-2871
-489
-4451
-2722
-3854
-3939
-4814
-1536
-2928
-1496
-4737
-3908
381
-4971
-4551
-3821
-1609
-3764
-1272
-809
-4705
-4997
-1720
-2839
-154
-62
-3279
-2668
-2258
-1361
-1097
-4369
-4265
-4415
-719
-2635
-3198
345
-4309
-1693
-2228
284
2
-839
-4626
-1892
-1765
40
-4672
-2293
-1975
-2329
-4062
473
-2848
-4328
-2358
-1876
-2358
-396
-3966
-1380
-180
-3259
-1084
-4257
-1022
-1641
-3787
-4052
-3536
-4631
-2119
-4398
-4537
-1132
-165
-612
-3360
-1114
337
-4133
-367
188
404
-4456
-483
-3120
100
-265
-4500
-4813
-4534
-2397
-3625
-4160
-2470
-2700
-2579
-4926
-2587
-3748
-371
-686
-4752
185
-4198
-4098
-2623
-327
-1834
422
-201
-2081
-3316
-797
-306
-880
-4376
-31
-3293
-1592
181
-2236
-1952
-1268
-531
-4103
-4980
-93
-4208
-4521
-2544
-3916
-3709
461
-175
-2430
-3544
-201
-526
-337
-3168
-1969
-55
-4986
-174
-1206
-2628
-3074
-615
-2475
-4021
-203
-1779
-779
-2824
-1303
-4241
-3919
-1298
-1495
-3660
-4234
-3349
139
-3156
-796
-2024
-1987
-626
122
-4009
-406
-701
-1896
-1417
-4718
-3024
-2441
-902
-3087
-4783
-2186
-3411
-4517
-1795
-1773
-2807
2
-4367
-1224
-1523
-215
-3495
-1174
-3468
-1355
-3990
-4906
-2425
-4644
-376
-1212
-1980
-4058
-4304
-4445
-1044
-4375
-480
-1446
-3798
-2248
-751
-927
-2359
-168
-3873
121
-2942
-2326
-398
144
-2577
-690
-850
-2478
-4643
-3165
-3312
-2379
-462
-1195
-835
-1584
-487
-4490
-1900
-935
-924
-4474
-1003
429
-4755
-4321
-4020
-4785
-3600
-1104
-447
-4434
-2582
38
-4208
-391
-3021
-4122
-2791
-142
-4309
-2851
-784
-3100
-2528
-1628
-2572
-907
-1161
-4977
-4788
-1489
-4622
-2450
-3325
-4488
91
153
-4360
-1243
-853
-4374
-1703
-1932
-1990
-1481
-882
-118
-4927
-2352
-1173
-3367
-2261
-2099
-327
-881
-3241
-381
68
-4091
-3578
178
-1580
-2397
-174
-4097
-567
-3849
436
-225
-829
-1335
-2039
-91
-2611
-4325
-604
-4485
-356
-1793
-643
-490
-2209
-3225
-3232
-691
-4185
-2382
-3078
-167
-4318
-3476
-2850
-1972
-2362
-1860
231
-1909
-4014
-3424
-4589
359
-1158
-2873
-694
249
-527
-2760
-4
-747
-1274
-2866
-2805
-3702
-537
-3428
-1285
-1285
-2696
-3452
-3653
-2594
-1703
-3560
-3047
84
-3903
-2944
-4975
-4132
-1713
-4722
-3346
-215
-4083
-1983
-2239
-4397
70
3
-109
58
-3379
-3809
-1271
-3079
-2291
-11
-2033
-3358
-2865
-4259
-1981
-2035
228
-2166
-2934
-911
-768
-3370
-313
-2572
-2104
-236
-3032
-4641
48
-835
-2921
-4459
-3081
-493
-2726
-4511
-2189
129
-4567
-4464
-4971
-3724
-421
-818
-4502
-4632
-4338
-2858
-698
-2609
-1211
-2562
-75
-1438
-1027
-2272
-948
-729
-576
216
400
-3645
-1053
-571
-1804
-351
-3045
-1123
481
-2367
-2181
-4481
-3725
-2886
328
-4663
-1102
-828
-108
-2524
-1808
-2182
-4791
-4333
-821
-3679
466
-1023
-1905
-54
-3379
-300
-321
-3813
-469
254
-3919
-2622
-1198
-4124
-1040
-4935
-4139
-3691
-1690
-3143
-1650
-336
-1034
-4683
-932
-388
-2799
-2486
390
-2069
-948
-35
-441
-1884
-4876
-3222
-274
-4448
-81
-51
-1596
-2914
-2652
-1388
246
128
-1607
-2664
-295
-2378
-442
-1501
-2606
-1001
-4586
-3485
-3248
-670
-3197
-334
-286
-951
-1957
-1941
-3065
-672
-4556
-1772
-1336
-4125
-74
-3728
-303
-807
-4057
-3295
263
-4215
-3177
-3264
-1190
-2429
-1990
-3777
-1000
-3027
-2544
-4614
-2402
-752
-3957
-3818
-4630
-4513
-1694
-4789
-3099
-4671
-1672
-2653
-4153
-4088
-2759
-4627
-592
-2483
-3108
-4949
130
-683
-596
-2168
-2331
-1056
192
-1369
-3313
-3428
-4244
-1711
-2610
-1059
-4332
-294
-3329
-2779
-3406
-441
214
-1358
-4638
-1725
-716
-36
-380
-818
-4634
-1550
-3628
-1207
199
-3804
-35
-2037
-3511
-4967
-2504
-4317
-2852
-781
-2227
-6
-1366
273
-4183
-748
-1525
-3036
-1364
-3366
-3154
-3771
-2912
-1855
-1058
-2870
-4682
-4100
-1556
-1753
-4244
-1719
-791
-3131
-3933
473
16
-4238
-4140
-3265
-2581
-1971
-886
-1847
-476
-3780
-2948
-2258
162
-1520
-516
-347
94
-3478
-3951
-4119
-4509
-573
-3974
-832
-2586
-4474
-1914
-4187
360
-54
-1231
-3477
-4118
-358
-1767
-2762
382
-2746
457
-4950
-2772
-602
-3407
-1217
-3050
-3288
-3881
-4213
-4750
-3923
-466
-2522
-315
385
-4060
-2457
-1558
-2375
-3284
-3708
-4106
-1012
74
-1265
-1029
-10
-3731
-2483
-1035
-972
-897
-4227
-2549
-1750
-2626
-4217
-3542
-1125
-3295
-1855
-2739
-2216
-1689
-4813
-831
-1546
-2838
257
-3932
-4120
182
-2355
-2152
-4327
-1800
-4977
-1843
-2791
-447
-3690
-1432
-3906
-2571
-1371
-4203
-3260
-311
-923
-2698
-4314
-3636
-2612
-1659
-2092
-4823
-3788
376
-3616
-3091
-4898
-4479
-2875
-3345
-1782
-3436
-4327
-4534
-1465
-833
-839
-3753
-1847
-1769
-2683
-514
-2779
-730
-3452
-1117
-3726
-4777
-4891
-3469
-3608
-3784
-4425
-2334
-4438
-3760
-1781
-2179
-2562
-3232
-4380
272
-3572
-2781
-211
-4868
-1252
-4504
203
7
-3562
-59
-2649
-4132
-52
-1180
402
-4012
-1107
-403
-4808
-3797
-934
-2926
-971
-4020
-2802
-4528
-2315
-4668
-2162
-2303
-4153
-1931
-2173
-1267
-3148
-3929
-2953
-1604
-4938
-1118
-2831
-775
-2330
-804
213
-4568
193
-2346
-391
260
-1332
-4324
-1359
-84
-3009
-3302
-230
-1277
-3023
-4732
-392
-3019
-1586
-4282
-4001
-871
-3583
-544
462
-551
-4499
-3985
-784
-3916
-1580
-1075
-4893
-2494
-2057
-3200
-2645
-13
-1628
-997
-1036
-3589
-1003
-638
-1631
-2145
-2526
-1464
-608
282
-1971
-384
-4808
-2946
-2777
-994
-630
-2540
-4668
-1564
-72
-1159
-212
-4487
-3150
-379
-2228
-538
-4868
-1749
-4615
-4936
-4528
-2892
-959
-3688
-2131
-2414
-893
-2127
-3018
-3792
61
-1437
-341
-2715
-657
-2799
-2688
-1832
-2037
-1448
-3986
-1470
-3255
-1409
-417
-2317
490
-2153
-1162
-3048
-4101
-2145
-809
-3702
-1750
-949
-2181
-1115
-1493
-3682
-1304
-1420
-696
-3999
-1789
-4148
-2954
-3111
-4295
-2264
-4066
-303
-4718
-4080
-3914
-1874
-2525
-4444
-2552
-2992
-4785
-4621
-1714
-2883
-4319
-4444
409
-3658
-3997
-1051
-4754
-1056
-4524
-499
-3041
-249
-555
-1862
-527
-2951
-827
-1805
-3044
-4784
-2470
-2646
-3246
-4982
-444
-1474
-4166
-2121
-3363
-2355
-222
-3776
-4608
291
-4885
-2021
-2971
163
-3112
-4216
-1607
-3959
-1855
149
-1440
-349
353
-4303
59
-886
403
-3803
-19
-977
-1339
-1577
-2083
-1191
-706
-3256
-2744
-3286
-1363
-2017
-2956
-270
-4027
-3953
-29
-657
-3418
471
-4932
-1812
-3096
-1755
376
-1137
-827
-4202
-146
-4153
-3677
-1938
-2303
-3000
-2866
397
-4897
-1793
-1031
-4850
-1678
-3608
-4990
-3910
-4942
141
-4978
-1629
-210
-4714
-906
-3028
-2119
-728
-3693
-4452
-1825
-4445
-4210
-2814
-326
-2631
-2860
-1382
-2985
-4177
-1961
-275
-2565
-2696
-1625
-1116
-2548
-2365
-1118
-1615
-3753
-4400
-38
-3784
-4224
-3352
-196
-2001
249
167
-2719
-375
-2108
-617
-3518
-2617
-1692
-2167
-3867
-2140
-3757
-1038
347
-2372
-966
-2913
-1394
-2549
-257
-4208
-1921
-4984
-764
-2480
-3116
235
-803
-3921
-1909
-4109
-3388
-1586
-3300
-1970
-4811
-821
-2892
-1799
-875
-4046
-3196
-2198
-1209
-2553
-4525
-2169
-4961
52
-3174
-4065
-4447
-1545
-3712
-2286
-71
184
-680
-757
-3448
-2242
-4207
-1576
-1813
-3060
-3253
-2044
-2836
-4645
-670
-2882
-2211
-1178
-4650
-1127
-4652
-389
-4480
-698
-3268
-547
-222
-2600
-3672
5
-2522
-2457
-1867
-2983
445
-2450
-2809
-4267
-4253
-3904
-540
-4615
-2232
-2181
-168
-1786
-2299
-3664
-3453
-4197
-3370
-2474
-3841
-4916
-4988
-1117
-691
-3350
-1787
-2333
-420
-520
-307
-2960
-2795
-3224
-878
-1731
-3956
245
-3106
-4198
-912
-4632
-1305
-3452
-4153
-4698
-890
-2505
-2279
-3866
-710
-4487
-2830
-2828
-3256
-3474
-1844
-1950
-2627
-11
95
-2389
-2917
-1362
22
-645
-1510
-2239
-2065
-4985
-1424
-2201
-2379
-1022
-1500
-2969
-1532
400
-4889
-266
-3740
-1803
409
-2346
-2155
210
-856
-59
-4214
-2083
-3399
11
-537
-1496
-1149
-3943
-1330
-1791
-3598
-4424
-603
-3419
-2557
-2683
-3992
-3816
-1632
-2714
24
-2068
-900
-3767
-3444
-4358
-2864
-1589
-1061
-2500
-3196
-677
-3450
-2269
-3481
-2814
-1054
-1309
-2091
-641
-3653
-3633
-3489
313
-2403
-2331
-430
-4895
-4798
-3406
-2444
-2347
-3630
-530
262
-3082
-1480
-2887
-1570
-4319
-4971
-1652
-1898
-835
-4551
-3793
-2135
-2940
-3925
-338
-2342
91
385
-4418
-3912
-3843
-2422
-3036
-1583
-1503
245
-1798
-4316
-1450
54
17
-2800
327
-3320
329
-2845
-3087
-3930
-4904
419
-1110
-325
-175
-2121
-4795
-3674
-596
-3216
-2066
62
-1050
-3179
-3742
-4680
-1297
-698
-4135
-1633
-1191
-4647
-4401
-3293
-3641
219
-1081
-626
-3505
-2859
-4732
-758
-1750
-1018
-1347
-1870
-2367
-4011
-4407
-313
-808
-1369
-596
-4457
-3114
434
-3025
-435
-238
-4313
-2611
-880
-873
-395
-1008
-3513
-3035
-3779
-2625
-186
-2871
-4227
-793
-4452
-2497
-1597
-497
-20
-1496
283
-3493
345
-4766
-4425
-1474
-3289
-4315
-815
-907
-488
-2074
-2851
-458
-4820
-273
406
-2847
-2903
-4210
-4851
-4864
-2581
-2622
-1901
-4852
-1979
-2943
-3625
-1086
-591
242
-1701
-2093
-4721
-4025
-1808
-2638
-58
-1934
-802
-2451
-1431
-138
-3005
-2356
-4805
-3697
-3402
-2250
480
-4234
-3511
-2852
-2488
-4192
-4005
-4672
-1667
-2776
-2614
-235
-4677
-3727
476
-92
-1284
-1949
-575
-2208
-4248
-2818
-1246
-4540
-4404
-774
-2521
-4641
-715
-1508
-2676
-4753
-1058
-2478
-4973
317
-1024
-1593
-2713
-3766
-1226
-1533
-4693
-3279
130
-2412
-2780
-1766
-1720
-2720
-283
-3728
-24
-2704
-4411
-4854
-2247
426
67
-2613
258
61
-3761
-1441
413
-4871
-4761
163
-1946
-1705
-3475
-975
-1318
-1712
-1614
-1380
-759
-382
298
-3763
-1030
-3872
-2497
-1988
-774
-3633
-3386
-4926
-747
-1401
-1586
-2796
-847
-2841
-3682
254
-2685
-1862
-446
-2585
-3074
-3052
-4943
129
-3742
-3483
-4847
-4415
-4088
-1330
-1319
-3632
-2521
-1899
-3384
-2489
-1714
-3403
-2999
-3389
-1738
-4618
-2517
-3004
-3122
-1183
-4752
-2240
-3212
-3906
-718
-499
-1670
-3672
-3561
-1184
-579
-3831
-1664
-3465
-3110
-1190
-2689
-2175
-4542
-3995
-659
-848
-1807
-3449
152
-4746
-4681
-758
-1849
-4570
-4282
-2159
-4778
-227
487
-2669
-1692
-1368
-2002
-3772
-1402
88
121
-4745
-2546
-1499
-3115
-2044
-2479
-1354
-1922
-822
-2757
-2777
-3386
-1461
-2819
-1999
-4334
-4831
-3778
-1618
-4213
-2527
321
-3912
-980
-1549
-809
-2197
-3018
-967
-3139
402
-1934
-4540
-3141
-1886
-1082
-810
-1277
260
-511
-512
-919
-288
49
-4488
-4007
-1466
-968
-68
-131
-3730
-2426
-1222
-971
-741
-3855
-2586
-3844
-1618
-4078
-3055
-292
451
-4574
-275
-3200
-3291
-584
-1075
-3871
-2157
-3853
-4697
-4022
-1487
-378
-3904
-3257
-701
-2085
-3263
-4986
-393
-1388
-1564
-4872
-3200
-4353
229
-695
-923
-78
-3741
92
-4921
-4999
-433
-4353
-1510
-630
-1383
-1986
-567
-1706
-1992
-208
-165
-3218
-2870
-2754
378
173
183
-2709
-2546
-3076
-2042
-2561
87
-3263
-466
-649
-4887
-1297
-3438
-3323
-4124
-3129
464
-598
-4868
-518
-3436
-4789
-2968
-1534
-3244
-4500
89
-3678
-3282
-1018
-3829
418
-2484
-4156
-3888
-3464
-186
-4309
-2530
-346
-3062
-130
-1375
-1195
-1591
-4455
-4712
-2559
-599
-4891
-710
-4634
-1955
-3899
-3073
-37
-3132
-197
-2345
-2316
-2693
-247
-4846
-3821
-2295
-4020
-3845
-911
-2713
-665
-2814
-1954
-752
-3
-225
-2724
-3681
-3855
-2969
-4121
-2934
-3679
-1516
-4023
-3345
-252
-553
-3750
-4509
-4498
-2867
198
-36
-4622
318
-1190
-784
-472
-427
-132
-2322
-3205
-2845
-2810
99
-483
-3222
-2711
-3493
-2325
106
-858
474
-2501
-682
-974
-2522
-1944
-4549
-2624
-254
-4641
-3047
-4804
-2114
-2191
-846
-3962
-3279
357
-1112
-4575
274
-4720
-3241
-2191
4
-507
-2372
-4736
-136
-22
-4211
-2086
-3484
-218
-1217
-397
-4948
345
-3796
-2376
-3235
-781
-2858
-1502
-889
-822
-2148
-3700
-564
-1551
-2355
-3446
-883
-4871
-1038
-3694
-3688
-4432
-1337
-3635
-2783
-530
-3209
-4078
-39
-2437
122
-4925
-282
-2115
223
-796
-3889
-4231
30
-4346
-20
72
-2430
-3387
-2200
238
-3736
-4607
-2337
31
-2809
-460
-1096
-4083
-4299
-667
-404
-2519
-706
-1675
-3534
-4008
-1041
-1182
-4974
-1159
-216
-394
-2462
-631
-300
-4000
-2621
-3974
-3727
-3511
-3349
-1847
-2192
-3039
-1524
-1558
-3301
-234
-2203
-3587
-2048
-135
-2747
-2607
-995
-1906
-4989
-340
-3890
-1592
493
-4416
-3226
-4213
-45
-3473
-335
-4750
-3128
-2459
-4774
-1412
-57
-2553
-3380
-355
-826
-1757
-1306
-242
-592
-1988
-4330
-4365
-4214
-2455
-1210
-2448
-4974
-1332
-4413
-1665
-4744
-4662
-2619
-4640
-909
-537
-2921
-3935
-1425
-4528
-4192
-1244
-378
-3619
-3901
-1004
-962
-1965
39
-4020
-4384
-3728
-2217
-4627
-2197
-1107
-4791
-4450
-2003
-2284
-1933
-3248
-4829
-1788
135
-3875
-4208
-1914
-4860
-2616
-3533
-2719
-1598
-1939
-2095
-2480
-4070
-4144
-3502
-1924
-468
116
-291
-1190
-2396
-2526
-2750
-4315
-4532
-2469
-3058
-3821
-4863
-3784
324
274
-3455
-2094
-233
-4629
-2937
-4334
-4477
-2224
-1202
-472
-2256
-302
-3002
-1171
-1084
-2386
-2563
-2107
-4088
-4952
-3320
-3870
-3950
-3106
-1549
-989
-4982
-861
-3680
-906
440
-3090
-911
-2592
-4614
-960
-4127
-3050
-3450
-4820
-2468
-2876
-1673
125
-609
-4974
-2098
-4428
-4618
289
-1368
-652
-4627
-4380
-556
-1572
-2535
-4473
-2684
-3088
-530
-2569
-1823
-4590
-2260
-4054
-3154
-2927
-1525
-2731
-4270
-4086
-1042
-1128
-979
-3469
-2234
171
413
-3902
-4565
-2925
-3425
-612
-4778
-1262
-4727
-4277
168
185
-1996
-3878
-2058
-4233
-3506
-1785
-4912
-930
-4773
-4169
150
-644
-4527
-4671
29
-2339
-4685
-1592
-1588
-150
-2794
-2210
311
57
-2646
-2459
-1624
-4381
-3114
-3248
-4815
-339
-2450
-1115
-963
-3416
-4134
-3649
-70
-559
-4382
-2935
-4411
-1741
-513
-3862
-4720
-1734
-2879
-4105
-201
-1314
-3707
-4286
-4868
249
-394
-4349
-475
-4248
-989
-551
-3896
-4185
-2453
-4608
-4649
-754
-369
-2064
-3328
-4277
-1863
128
-2415
-2567
-3670
-807
-3153
-2890
-4946
-2464
-2904
-325
-170
410
-2570
-2766
-493
-3066
-4076
-4356
-386
-4767
-208
-2568
-1919
-4650
-3782
-1377
-656
-950
-576
-4531
-4784
-1288
-4393
-3588
-4397
-3686
-4476
-164
-4341
-4331
-1202
-3318
68
274
-117
49
-3411
355
-328
-2688
-2277
-4239
60
-320
-1161
-4519
-3010
-356
-365
-3804
115
-4370
-336
419
-725
-4831
179
-1773
-4003
-2380
-1958
-28
-82
394
-1797
-3196
-903
-1123
-3048
-2643
-208
393
-3379
-1585
-1666
-1138
-3185
-3910
-4199
-2225
-3701
-1696
-2269
-3253
-701
203
-3653
-783
184
-3409
-3692
-2001
-4170
-4782
-310
-3504
-1513
-4639
-3744
-1088
-3398
-4635
-3455
-4059
-2014
-3327
-352
-1487
-3918
333
-703
-2991
442
-1573
-1146
-2807
-3077
-2118
-1294
-4156
-3674
-2042
-3653
-4503
-1392
-4220
-2511
-4776
-575
-3143
-3737
-4727
-3126
-4898
-2461
-1582
-2012
-3173
334
-662
-1686
-2875
-2919
-4114
411
254
-862
-1254
-2150
-1890
50
-2408
-3800
-372
-300
-421
-2243
-2884
-2190
-4001
-4226
-2107
404
-1627
-3225
-4464
-3054
-4369
-107
-139
-348
-4151
-2984
-61
-3248
-35
-1072
-4556
-164
-79
207
-3601
-2511
-2837
-1039
71
-1730
-3856
423
-159
-2658
-4122
-4278
-3839
0
-2637
-573
-1966
460
-3555
-4061
-3898
-1245
-83
-938
-4555
-51
-3839
-997
-3094
-2614
-2952
-1969
-3466
-2943
-1377
-1062
-3710
-2801
-3727
-1550
285
-1967
348
-3965
-3331
-1202
-1887
350
-1692
-45
-3588
22
-1277
-3506
-4590
-1722
-2698
-2878
-383
-2651
-4154
-2542
-2364
-1775
-883
-2650
333
-1473
-968
-4623
-132
-2719
-1771
-2939
-2210
-1819
-711
-2252
-3439
384
-4786
-2139
-462
-2167
-3569
361
-2749
-64
-4691
-3332
-2969
-300
-4549
-6
-2776
-2054
-962
388
-3622
-67
-2302
-4526
-3513
-3339
-4686
-3829
-1932
-4971
484
-4831
-1486
-4708
-4305
-4597
-4174
-4498
-4792
-530
-4283
-4995
-3696
-854
-2359
-3342
-2915
-2250
-114
-4817
-1307
-2413
38
-3057
-3626
-4032
-1398
-2021
-2580
-935
-3892
-4142
-1619
-3724
-1568
-2229
-2433
-4853
-2811
-1756
-4400
-2143
23
-1353
-720
-795
-703
-823
117
-1641
-4128
-1128
-2977
-2788
-511
-242
-916
-994
183
-1636
-108
-3532
-1755
-2873
-1988
-4886
-3900
-1055
-3142
-2281
-447
-4982
-4569
109
-4993
-2908
-1616
-3181
-1326
-4229
322
-3855
-2052
-1326
-877
-4150
-4932
-3491
-3891
-457
-949
-2730
-1030
-4817
-4857
-1354
-2547
391
-4628
-2333
-214
-1086
-3971
-549
-2711
-2900
-4765
-4215
-1653
-206
-1198
-24
103
-2106
24
-2898
-910
-3083
-1856
-4371
-4434
384
-3460
-2301
-1478
-1001
-3082
-2913
-1144
-2334
-3995
-937
-3826
-128
-1130
-2459
-1400
-1639
-1888
-1708
-3311
-2989
-2733
-3363
441
-4328
-4687
-2294
-573
51
-4342
-1904
-2621
-958
-4160
-265
-4750
-323
84
16
-2051
-2671
445
-2652
-708
104
-522
-2921
-1587
-630
-2522
-4478
237
42
-3919
-2352
-3500
-1645
-3637
-2492
-3145
-4105
-887
-2284
-4188
-1039
-4548
-218
-1647
-3866
-2131
-3062
-4824
-3535
-3113
-3065
-3065
-2328
-1188
-42
17
-2159
-1144
-1216
-41
-1115
-3238
379
-1099
-268
-4951
249
-4788
-934
-1805
-414
-3810
-4179
-141
-3384
-335
-3161
-1912
-3827
-3596
282
-1860
101
-3882
-735
275
-2293
-534
-2137
-4909
-539
-1633
-972
-1
-4360
-3422
-1825
-4272
-9
-1151
-4677
-4473
-473
-3086
-3597
-4949
-4533
-666
151
-2226
-3855
-584
-3617
-1581
-4670
-2328
-3237
-3300
-1028
-3835
-816
-4697
-4156
-1905
-2297
-138
-3708
-4367
-1155
6
-4189
-227
-4
-834
-3780
-3722
-2268
-4801
-4543
-4313
-4924
-1422
-4381
-1861
422
-774
-168
-3159
-947
-626
-3483
-2119
-1112
-4277
-991
-3824
-4859
-1959
-1524
-871
-2349
-1282
-2720
-3052
-2013
-4540
-1580
-2655
-3640
-455
-98
-2957
-848
-3364
-58
-3785
356
-3986
238
-3668
91
-2650
-1679
-610
-4331
403
-3399
-1294
-1319
-4758
-3012
-1656
-3115
-108
-3016
-256
-433
-4056
-928
-3295
483
-3680
-3809
-75
-100
-3495
-377
-4258
-531
-3796
15
-1300
-4147
-59
-4596
-4005
-3083
-2778
-848
-101
-215
-4269
-2118
413
-4290
-2428
-2172
-1879
-867
-507
-3000
-3622
-2730
189
-4687
-3207
-257
-71
-3238
-3372
-838
-262
345
-1608
-4169
-1851
-3512
-2068
-1365
-566
-1950
-2508
-1797
-1840
-637
-4742
-1677
-4100
-1722
-28
-3149
-2243
-4682
-2477
-1115
-3612
-2842
-554
-397
-2321
-3706
-578
-2258
294
-3349
-3587
-3348
427
-1825
-3656
-3118
-797
-3049
-1125
251
-3492
-2364
-319
-1375
-4872
-1779
-1017
-1010
-3590
-2081
-1646
-4761
-3284
-1255
-3977
-2766
-1801
-3762
-1656
-3475
-1528
-2117
-3422
-2207
-3277
-3308
-1133
-3546
-220
-2629
-736
-4126
-2866
-184
-2076
-1931
-682
-241
-3095
-4258
-2027
54
-4278
101
-940
-3793
-22
-890
-2663
-3230
-3838
-2907
-2752
-1785
-3061
-3620
-1612
-1577
-67
-476
-1871
485
-2588
-3416
-3971
-3159
-2822
-3056
-326
425
-1731
-1486
166
-2010
-4723
-1824
-879
-1564
-1866
-1209
-1356
-3585
-1598
-524
-3858
-4577
-3613
-1065
-1009
-121
-4971
-3027
-3703
-1636
-778
-3093
-564
-959
-1705
-2180
-4744
-3531
352
-415
113
292
-2097
-2110
-4665
-4062
-2566
-2562
-1234
-3097
-3578
-3783
-3742
-2319
-2712
-3867
-3763
-191
177
-2670
-2648
-3460
-1864
-767
-2973
-1762
-3316
177
-2396
335
-4447
-2018
-4306
-2926
-4906
-2048
-3532
15
-1516
-3372
-1920
-936
-2376
-3414
-2498
-1060
-3658
-74
-4801
-463
-3193
-452
-1976
-2673
-3309
323
-535
-2200
-593
-1577
-1123
-1792
-1782
-936
113
-4351
-319
-1520
-2461
-2633
-4810
25
-498
-1111
-2700
-1842
-175
-1357
-1933
-88
-4082
-343
-1415
-1179
-3573
-4383
-3318
-2375
-2477
-4430
-4871
-1422
-161
-3359
-347
-1067
-4840
-4110
-46
-892
-608
-4467
-2487
-3286
304
273
-3636
278
-2028
-535
36
-4471
-2401
-3540
320
-3528
-1658
-3705
422
-2736
-4785
-651
-9
-3565
-2530
-18
-4986
-3135
121
-1671
-3065
-890
-521
-3505
151
205
-722
-149
-2642
-3893
391
-1771
-3338
-3421
-4171
-841
307
-1947
-4528
297
-3319
-4237
156
-4263
491
-3208
-4502
-1719
-1055
-3084
-424
-498
-4730
-1439
-1242
-3388
398
-1655
82
-3129
-2837
-2857
-4705
-2907
475
-4857
-4648
-4928
-3883
-3279
-1188
-4021
474
-3780
-3475
-725
-3427
-1837
-1798
439
141
-1965
-4412
-1373
-2757
-3091
-3133
-1356
-975
181
-3285
-2913
-3385
-1778
21
-4045
-3322
-3440
-1144
-2605
-4743
-4628
-4448
365
-2957
-2975
-829
-2639
-143
-439
-4555
-4204
-1297
-2788
-4477
461
-3190
201
-3077
-2396
-2877
-2480
-4158
-1394
-420
-2697
-1673
-1468
-918
-782
352
-1110
-1577
-3753
-998
336
282
176
-1329
-4552
-2278
-2352
-501
-4629
185
-1657
-1937
-442
-1442
-2823
-4718
-4349
-89
-4318
-2783
-1749
-3938
-1548
-2687
-4590
-1169
-3069
-289
-4612
135
-4527
432
-3200
-2138
-1827
-1629
-1406
-3161
-1199
-1760
-2941
-1814
-2114
-186
-2042
-4338
415
-3434
-690
-3590
-3271
-2535
-4833
141
98
-4113
-709
-2463
-4916
-2771
-1450
-1495
-4879
290
-2558
-1320
-3003
-1361
-4505
-1177
-1470
-4132
-147
-71
-3519
-3112
-173
-177
313
-1473
-2534
-3133
-4448
296
187
-1842
-327
-3932
-1215
-1919
-2204
-3588
290
-828
-3401
-1165
-135
-1839
-4744
-4309
-2272
-3761
-742
-3485
-1216
378
-4701
-3727
47
-2254
-816
-3687
-3282
-290
-4339
-365
-4804
-4980
56
-1818
-3551
-1615
29
-209
-2813
-2960
-4193
-3585
-3093
-1420
-2414
-1076
-4880
199
-2330
-1935
-4858
-3622
-3357
-3696
-2762
-3105
-1513
-1214
-2215
-4528
-3689
-1519
-765
-2657
73
-1551
-140
-471
-3698
-3190
-343
389
-131
-677
-3620
352
-85
-3095
-1934
-1045
-2773
-2699
-4458
-1488
-388
-4837
-1894
-3820
-1765
-3945
-511
-2235
-1410
-2732
-3348
-4708
-466
427
-850
-147
-1897
-4751
-3118
-3954
-3227
-4895
-2774
-1317
-2204
-2215
-2564
-1460
-1624
-4212
-416
-3879
-4103
-4755
-1650
-2184
-1396
186
-3690
-2631
-2818
173
-3486
-3487
-3963
-1298
-3913
-3036
-3642
-2501
-583
309
-1532
-3183
23
-582
-3665
-2860
-2530
-1426
-2190
-2146
-3007
-2970
-3764
-3556
-4196
-4816
-3210
-4087
-3061
-2971
304
-3860
-963
-696
-1373
-2949
-222
-2130
-2725
-1245
-3163
-2926
-2163
-3914
-4783
-446
405
-3058
-4447
-2051
-4034
-2113
-34
-828
-269
-2133
-177
-4536
-829
-995
-2175
-3880
-1288
-3602
-928
445
-3614
-3817
-3140
-3125
-3882
-212
-2307
-3661
-1042
-3685
-3812
-276
-4337
-1179
-741
-1376
61
-4774
-1241
392
-4508
-4245
-3502
-3201
-905
-3360
-808
-2995
-2252
-2142
-515
-3152
-3179
-4358
-1378
-1460
340
-980
-1419
-1654
-3405
-461
-3828
-885
-2957
-3480
-2847
-2761
-4466
-2107
50
-2760
39
-999
-808
441
396
-4266
-1881
-1907
-1815
-2237
-3087
-2462
-708
-4824
-3509
302
-1692
-1294
-746
-1935
-1015
-275
-2338
-301
-3717
-460
-3548
-2366
-1677
-3627
-1699
-1363
-303
-1307
-675
252
-2836
-92
-2689
-4956
-2822
-393
-1023
-104
-1172
288
-4425
34
-543
-723
-504
-4363
-3942
451
-3677
-2645
274
-335
-45
-661
-1515
-3600
-4643
-4330
41
-1582
477
-1443
-1670
-931
-4638
-1330
-1032
-3469
-3176
-4232
-2945
-1304
-1864
-2184
-1520
-4619
-558
-3512
-1188
-1897
-3226
-1659
-4630
309
484
-1455
-1206
225
-2256
-1140
280
-2125
-4154
-3845
-2171
-388
-1019
-4682
-1023
-3260
322
-3269
-142
-3563
-953
36
-4270
118
-1184
-2213
-4093
-4680
-2304
-980
-3130
-3697
-2599
-2270
-595
-46
-397
-422
-3554
-1825
-4712
-4209
-4418
-3534
-2185
-2511
-4802
-1447
-173
-4467
-1482
-3259
-898
174
-188
-2026
-337
-318
-3351
-3196
-3431
-52
-1899
-1130
-38
-2052
255
40
-508
-4677
-1891
-2788
57
443
164
-1125
-3629
-361
-1890
-2799
-2108
-1982
56
-2600
-3357
-2665
-326
-1231
-1062
-1843
105
-1531
-2915
-640
-1104
-2544
-4214
-3599
-2139
-4384
-4186
-4294
-4076
-2926
-1697
-4380
-2501
-3951
296
-3615
-2111
-1630
-2939
-159
-1592
-516
-2976
242
351
-3300
-3118
-3141
-1615
-2603
-2827
-3373
-3174
-786
-2691
-309
-3829
-1455
-4274
-2703
-1205
-4036
-1642
-3864
-3898
-4683
-313
-1346
-3629
-417
-2162
-2725
-825
-3207
144
-740
-560
-178
-4181
-4717
-1304
192
-4503
-2260
-2737
-3716
481
-1827
-545
-2958
-4562
9
-2764
256
-4746
387
-418
-2516
-1348
-4094
-587
332
-1297
-4628
-2793
-1121
127
-2035
-1143
-1913
-1536
-847
153
-3214
-1336
-1224
-2196
-1660
-152
-3056
-133
-2991
-3437
-2992
-3304
-1925
-4787
-3784
-2811
-4967
-2839
-4701
-1086
-805
-3936
-835
-1820
270
-771
-4880
-3565
229
-2311
-2989
-2475
-1887
-2197
-3451
-2938
-194
-2242
-2267
-2755
-1944
-305
-1958
469
-1572
-1585
-2478
-1105
-300
-4420
-3814
-3266
-499
-3820
-1107
-2227
-3004
-2897
-816
-4324
267
-3311
-4739
-4667
-4290
-4692
304
-594
-962
-3448
-4067
-2692
-3636
-4285
-1076
-3900
-2275
-3890
-345
-2680
-2316
419
-1586
-1344
3
-277
-3082
-2500
-2027
-3653
-2903
-951
-656
-4823
-2742
-1812
-392
84
-516
355
-700
-2199
-4280
-2389
-4306
-757
-4871
-4233
-4804
-2655
-3146
254
-3938
-3553
-3440
-3127
-3265
-59
-933
-1044
-494
-790
-2660
-691
-771
-280
334
-1764
-3699
-4988
-83
288
-3003
-4865
-2899
-1415
-253
-1243
293
-1372
-4138
-294
-3858
-537
-3183
-2220
12
147
-4641
-1269
-4370
-3784
68
-803
-2822
-2676
-1095
-4198
111
-2982
-2198
-1236
-716
-33
-3715
-4491
-1696
-2130
-1478
-167
-2418
-3867
-3932
-1019
-3858
-3773
-562
-505
-2889
-1166
-4828
-3293
-4183
-2073
-953
48
-3760
-799
-4410
-19
-4447
-954
-2441
-2702
-3002
-3489
-1602
-815
-3817
-1445
-2728
-2270
-302
-1282
-71
-2131
442
-3003
-3998
298
-3372
-239
-885
-330
-1560
-3066
-2286
-1413
-1147
95
-711
-864
-1786
-1248
-4944
-4828
-1210
384
-1303
-569
5
-3043
-288
-2640
-1245
-2421
-4401
-1729
-2634
-4326
-3957
-3285
-4100
-137
-4503
-184
-1355
-2422
-1877
-4108
-95
-3076
-2242
-4466
412
-2969
-4616
-3470
-895
-333
-1932
-217
-1278
-1820
309
-2979
-1990
-4830
242
-1331
-3057
-4934
29
-4537
-3770
-2826
-2363
-2252
-1307
-1075
-1653
-312
-3676
-3346
-4810
-1453
-1818
-2292
-4473
-2252
-4947
-309
-411
-1590
-1147
-4195
-4587
-1962
-4820
-3617
-1329
-179
-1843
-1961
227
-1762
-4064
-1206
-4132
496
-374
212
-2484
-1799
-1634
-3061
-783
-3269
-1095
-3614
-3577
-2747
-3201
-4013
-5000
-4788
-1409
-3157
-2190
-2487
256
440
-4604
-491
-2687
-3522
-1982
-368
-1648
-153
-1108
-2416
-3490
-1568
-354
-2925
-3263
-4678
-3595
4
-3857
-1003
-3427
-2874
-2247
-4789
-4763
163
-3582
-470
92
-2830
371
-1077
-4240
-3894
-2840
-557
-2894
222
-4387
-2497
227
-4967
-4515
-1690
-4136
-1860
-1858
-999
-3696
-311
-4539
-3388
-2070
-4352
-1500
-2283
-2420
-3610
-519
-2131
-4341
399
-2580
-4784
-903
-123
-4980
-1992
486
-1026
-4019
-253
-2750
-1044
-4071
-2892
-913
156
-1393
-1563
68
-4321
-2921
-4086
-1869
-3093
-4440
-2290
-3215
-856
-2205
-1050
-4989
-807
-1852
-2000
-4349
-812
-3596
-1357
-962
-2202
337
-3704
-4610
-3367
-4686
-2030
-2813
-1558
-2672
-2514
-4894
-673
-2761
-4109
-1852
-151
-3383
-3766
-628
-917
70
-3054
-4634
-1625
-610
-3099
-2758
-2945
-440
-3788
-1226
-3968
-1187
-343
-1033
-2130
-1010
-1285
-1362
-1408
-4063
-349
-3367
-2258
-156
-4496
-1395
-1829
-4014
-3287
-2210
-3216
-2485
-802
-2833
-113
-4704
-3256
-4181
411
-504
-3010
-96
385
-3308
-1742
329
-4932
-419
-2913
-4153
-1071
-1139
-3414
-469
-1219
-745
-248
-1553
-2059
-4020
64
-4239
-3024
-4589
-3567
-974
-1246
176
-2587
-4036
-1983
-4266
-1505
-2047
-1114
-1862
-4205
-3625
-4314
-2831
-1204
-837
-116
-802
-4244
-282
-3085
-2764
-4036
455
-3475
-4013
-198
199
-2845
-1587
93
-4748
-63
-4027
-2221
-1711
-3019
-2537
-3321
-3918
-1985
-3176
-819
-2502
-4865
-430
-3957
-3120
-3263
-4369
-1071
-1403
-4512
173
-956
-3045
-2618
203
-4030
-4271
-2950
-2373
-994
-3401
-1151
-4328
-3957
-3275
-1250
-4560
-4374
-3081
-4415
-1614
-1776
-277
-55
-168
-3633
-716
-3515
34
-4776
-3972
-1039
-3845
-3491
-1844
-3667
180
-612
-4640
-1271
-1494
-140
-3414
-310
-1729
-344
-757
-1237
-2836
-4168
-1525
-1212
-1262
-1140
-3211
-4684
-968
-2946
-241
-1060
-3834
-4546
-1710
-2382
-3809
-2901
-2314
-2038
-3325
-3807
-921
-1196
-1459
-12
-3534
-4219
-1871
-3072
-3704
-3287
-401
208
-4646
-1350
-477
-2505
-2340
-3168
-4048
-2895
-2220
-3464
-816
-1709
-882
-395
-4398
-2922
-4591
-1709
-1568
-4792
-3460
-3339
-735
388
-888
-127
-4301
-3799
-1077
-690
-4986
-2510
405
-966
-2437
-3489
41
-3453
-95
-3364
-2664
-4949
-1667
-883
389
-2144
-1968
-4034
-3971
-1951
-1401
-3787
-1164
-2317
-1590
347
-1330
-240
-1089
-1122
-1187
-1074
-2870
-3242
209
-2614
-567
-2729
-3792
-4588
-1030
-1951
-4392
-73
-1592
-2235
-1691
-504
-723
-1980
-792
-859
-3225
-1077
-282
-2844
-4182
-2435
-2637
-4920
-802
-2416
-2881
-1587
-2072
302
-3839
-3563
-2325
-753
-3422
-3038
-4824
-1355
-1368
-4673
-3383
-4938
361
475
-4829
-4680
182
-2387
-3250
-3643
-1534
-2692
-3947
-4585
-1787
-2596
-1666
-1331
295
106
-2382
-3972
-4565
-4480
-3371
-558
210
-463
-3395
317
-637
-1418
-445
-4933
183
-1556
-401
-1599
-4742
-4952
-2291
296
-3188
-3075
-2655
-757
-4323
-734
-1896
-1805
302
-553
-3635
-2457
-4943
-1336
-1367
-4874
211
-4972
-2745
-1716
-2172
-91
-3648
-2196
-2581
-4004
-1814
-4432
-3343
-1995
-2462
-2810
-1472
-3903
-4949
93
-4657
-936
-1892
-1599
-4752
-2450
-3230
-3670
-923
-3657
-236
-3891
-3745
-95
-1154
-752
-4727
-4035
-4911
-4040
-1662
-1992
-1106
-3142
-4931
-2412
-1384
-2649
-949
-4062
-3964
-1241
-3740
-4655
-1578
-2716
-488
-4068
-497
-1914
-2872
32
-2566
-1679
189
-4898
-3170
-4216
-3020
-4142
-1945
-154
-1021
-4212
-1354
63
-3757
448
-3214
-3757
-4348
-1992
-3785
-3052
-1049
-190
-2798
-4038
153
-1348
152
-4112
-2391
-2064
-595
-1441
-4736
-3860
-812
-584
-1354
-3912
-2911
-97
297
-281
-2182
-1298
-4652
-2841
-3372
-4759
-3996
-2945
-4374
-3593
-4317
-426
230
-4306
-1136
-1278
-2129
473
-1532
52
-3073
-391
-572
-631
-412
-63
-2551
-622
-2537
-1035
-3758
-4812
-1352
-4634
-3203
226
-2085
-3765
-4881
-622
-1453
-4518
155
-281
-4162
-1830
-1262
-2149
-4483
197
-2687
-3977
-1433
-4033
-3169
-198
-2030
-3502
-4872
-4090
-97
-4845
-1711
-1434
-2783
-661
-4529
-2859
-995
-2193
-2354
305
-2088
-2032
-4191
-1818
-189
-4757
-2158
-3940
-2282
109
-3460
10
-3728
275
-2856
-1034
-4903
-1678
-1137
-2837
-2670
-3027
-3999
304
-3403
-3646
-4091
-4917
-592
-4040
-1813
-3103
-965
-2821
-3777
-4480
-4613
-3951
75
-3649
-1710
-88
-4751
-220
-2436
-2990
-209
-473
319
-3567
-825
-2792
-838
-1333
-1217
-4706
-559
-3541
-539
-1721
-1512
-1837
-4002
-3692
-1373
-1021
332
-3810
-673
-2988
-2304
419
-3483
-1765
38
-4727
-2806
-2346
-3404
-2140
-97
-1186
-1906
-3667
-4067
479
-4920
-3457
323
-4345
-3971
-3794
-53
-2853
-4389
-2509
-4290
-4085
-536
-4138
-2861
-2388
-4516
-1467
-2138
-1220
-2818
-3870
-2311
-3474
-3405
-4533
-431
256
-137
-1107
-1870
-4547
-1461
-1012
-591
-2207
-4597
-509
-1974
-4858
-4128
-1555
-4773
-1193
401
-551
-1906
-4752
-1647
395
-1692
-3454
-3541
-2395
-433
-4483
-301
-420
-66
-580
-379
-1844
-3901
406
-3436
-2273
-1952
-572
-4722
-1588
-2170
7
-8
-3483
-1506
-3785
-965
-1021
-2421
-4313
-3340
-393
-2861
-76
-1408
-3326
-2002
-3155
-1880
-3980
-3564
-2511
-2213
-2921
-926
-3178
-817
-2648
-4065
-720
-3954
-4371
-1259
-2575
-4438
-884
-698
-2296
-495
-2957
-2436
449
-3813
-3146
-505
-753
-4009
-498
-1866
-3476
-4403
-2761
-2445
430
-2477
88
-2357
-2473
242
-3870
-3020
-4527
-4514
-4843
-3373
-4439
-290
360
-1062
-773
-1633
-3227
-2182
-273
-2411
-3680
-2232
-1424
-2266
-4410
-915
190
-3395
-930
-3184
205
-44
-4266
-691
-2718
-2738
43
-4799
-584
-2261
-2947
-2429
-4861
-66
-2269
-2283
-3222
-4115
-1276
-3804
-3136
-2099
-4934
-4561
-3850
-2326
-2568
-3404
-1515
-4544
-2165
-389
-2952
-3810
-4496
-482
-3709
-2404
-3642
-1555
-2734
-1141
-965
-88
-3650
-4780
469
-3342
-779
331
-4379
-644
-3619
-821
-3340
-3409
-3344
-3177
-796
-3038
-902
-3268
-428
-503
90
-3409
-2311
-3114
-3483
-3573
-3053
-4197
-4699
12
-3483
-2292
-2138
-888
-2315
-2455
-1176
-1200
-27
-269
-2318
-1684
-3190
-2902
-4490
-4561
-4962
-1178
-1910
-4467
-2112
-441
-4014
-192
-1786
-4720
-4707
361
-3371
-3734
-3245
-1617
-277
-4280
-3591
40
-3501
404
-4225
448
-472
-1302
-2025
-4012
-2968
-2788
-3934
-2026
-4123
-1464
-3029
-3563
-1303
-930
-3640
-1977
-3434
-1294
-810
-3418
-4731
-3923
-4191
-234
-71
-4594
-3627
-862
-2825
-4061
92
-4218
-732
-2941
-4298
-3430
-4468
-2201
-1038
-632
-608
-3951
-2730
-4177
-4664
-30
-2622
-3679
-922
-2150
-4764
297
-4480
-1558
-1031
-4079
-4632
-2895
-4367
-3440
-858
-1189
-4487
-1445
-3617
-3625
-4120
-3924
481
-2366
-1848
-1968
-4466
-3685
-4561
-4131
-1543
-3680
-1494
-282
-4630
-2484
-3046
-1755
-4720
-3642
-4248
-297
-282
-3820
-4658
-2881
-2915
-453
-750
-2544
-1897
-4914
-2946
-2068
-304
-929
-2606
-534
-639
-409
-3706
-3404
-4164
-2482
-3083
-3830
-2664
-3043
-4931
-2876
-4570
-4773
-4223
-3326
-13
-3160
-3993
-2782
-1568
-4131
264
-854
-2532
-1500
-2196
-873
-521
-4373
481
-4494
223
-4783
-2135
-4824
-1903
-1196
-2762
-2690
-4341
-127
-508
-720
181
-399
-1202
-3666
-1474
-3981
-1993
-4794
-3649
-2905
-875
-3156
-4271
-1335
-2003
-693
-1251
-962
-3000
-2241
-3934
-1377
-1992
-2191
-3513
-3062
-1659
-2533
-600
-4735
-2845
-1419
-4070
-4589
-4677
-2444
-2593
85
-3983
-3800
-4718
-2247
-2813
88
-1753
-450
-3047
-4371
-1514
-2861
-2712
-4709
-2170
-3556
-738
292
-1604
-1623
-2433
-3498
-4910
461
-1718
-331
-1298
-718
-2949
-1451
-501
433
-598
-4880
-4939
-1411
-2844
-1649
-4836
90
-3876
-1844
-2846
-3717
-976
-1398
288
-305
-2606
289
-2055
-2584
136
-3055
-3246
-22
-2745
-2339
-3071
139
-432
-4679
-2248
-3240
-846
-2411
-2726
411
-238
-531
-906
-4874
-1644
-581
-3968
-2442
-615
-3853
-2489
-3100
-3348
-2731
324
-2231
-2682
-2975
-4869
-4773
82
-1376
-3980
-50
-3369
-2518
-2199
-3139
-2567
-3790
-1759
-2225
-2970
-2714
-4286
-4023
-2217
-177
-1841
-3618
77
-4129
-2858
134
-2227
-2645
-3559
-205
331
-4681
-307
-4276
-4143
-2082
-3658
-2204
334
383
-966
-3266
-475
-1487
-3079
-4311
-396
-4867
-2919
-2409
-455
-1664
-2427
-4453
-2574
-533
-4710
-3779
-4356
-2313
-3613
-4164
-1980
-4588
312
-4768
-4200
-395
-2529
-310
-3102
211
-3747
-4593
-3938
197
-1078
479
-3223
-4405
-4922
-2066
-4963
-3033
-1083
-1756
-4791
-4323
-1211
-2808
-1482
-4249
-3215
484
-3171
-4430
-1549
-3569
-4648
-2094
445
-1301
-557
-2828
-1899
-1498
-225
-4377
-3427
-4661
-4542
-4423
216
-1178
363
-4819
-2419
-1121
-162
219
-4112
-1332
270
-3776
-1878
-3073
-2498
-2340
-3247
-1523
-2029
-1045
-1760
-248
-4261
-2950
-2804
-2042
-2296
-3954
-1843
-1316
-3229
-4653
-4626
-1699
-2985
-439
-1713
-3025
-4091
-4842
-967
-1213
-577
-866
-3182
-426
-4620
-2988
-2789
-4906
-286
-111
-1949
-647
107
-3325
-834
-1936
-4068
-2527
-334
-4233
-2810
-4567
-3156
-3319
-4771
119
-2046
-4917
-138
-4970
-3544
-2463
-2809
-2851
-3398
-2511
-2744
-2488
-2030
-54
-112
-2650
-2194
-1169
-1922
-2917
-1775
-3054
-3609
-719
-3399
-46
297
-4379
-1664
-303
-4278
-1301
-2622
-4584
-4255
-1202
-4801
-3723
-1899
-656
-910
-1542
466
-437
-2483
-4381
-1277
-2918
429
-4224
-1697
-3376
-1432
-1503
-1125
-25
-718
-1461
-4009
-4951
-2240
-3355
282
-2725
-3426
-254
-4951
-4844
29
394
168
-3053
-4230
-2308
-1780
-2710
-1285
-1895
-324
-4564
-1564
354
-1596
-4519
-3292
82
-4731
-4392
-336
-968
-4522
23
-507
405
-2410
-3800
-3927
180
-3036
-2162
-3020
-3287
-1016
-2419
-2724
-4160
-1473
-4210
-3867
-3796
-1395
93
305
-4286
-4775
-4847
-1479
-1238
-990
-2660
-4214
-2395
-4601
-3002
69
142
-430
-4905
-1636
-1652
-1209
-1368
-2176
-1756
-3439
-3405
-3670
-2706
-4683
-1217
-2906
-3054
-48
-948
-3062
-3199
-2257
-671
457
-2211
-2848
-4689
-3889
-1611
-1006
-3780
-3389
-4180
-4209
-4159
-2722
-1647
-498
-3677
-4620
-4537
-399
-400
-201
-1330
-3008
-485
-1981
-4155
-2004
-1879
-39
-4554
-1541
-4846
-1554
-4516
-1473
-852
-3237
-3555
-2708
-2121
-1905
-3823
-2411
-3113
0
-3871
-2102
-3459
-3414
-1558
-370
-160
171
-2877
-1530
-4609
-1843
-4317
-2529
-3112
-4923
166
-3015
-2686
-3159
-4987
-3206
-766
-2183
-4258
-3435
-4122
-4282
-3469
-100
-157
-4038
-4539
467
-853
-1372
-3299
-1102
-4538
-1832
-2280
-260
-491
129
-95
-3299
-2149
-4446
-1483
-2800
-3248
-2317
-1373
160
-4937
-3197
-1850
-3628
-2109
-2449
-313
-4384
-935
-2215
-4572
-4664
211
-520
-1848
-2428
-3622
-924
-3614
-2562
-4051
-1225
-4814
-1882
-975
-1547
-1570
-268
-989
-4120
-2640
-3750
-2028
-1732
-2104
-1416
-3812
-708
-2319
-680
-4875
-3450
434
-3206
-740
-672
-2048
-3982
-3630
-2712
-1755
-1210
-525
-1632
-1622
-4867
-3572
-3932
-1728
-1711
-3674
-504
-4811
-4110
-4858
-3627
-1095
-560
-4315
-4927
-1536
-334
-2389
-1969
355
-3968
-4715
-555
-3984
365
-3052
-3580
-1137
-3652
-4570
-277
-3562
-1354
-3072
-767
-502
-298
-199
-2983
463
-1677
-935
-943
-3013
393
-233
-2445
-1728
-2789
-3402
-3727
127
-3966
-2988
-56
-960
-1068
-2637
-4855
-1754
74
-1270
-4965
-4583
-3235
-1951
-3512
-895
-3454
69
-76
-3909
-1757
-1605
-4294
-3585
-3326
-1105
-3195
-3455
-1089
-3721
-3614
-2444
-2145
-3997
-869
-3919
-4291
-4969
-567
-2343
-2154
-891
-1016
-2580
-1803
-1065
-536
-4610
-4181
-3045
-2539
123
-1240
-4947
-2400
-1469
-804
-1568
-1074
-2519
-3088
-4434
-4169
-2961
-3725
-3516
-2101
273
-3877
-4928
-857
-3757
-1911
-4368
-3943
-3281
-3750
-949
-3527
-1556
-3097
-779
-4981
349
-1981
-3606
-2020
-4170
-4454
-1908
-2867
-4699
-4802
-3786
-4953
-4977
-454
-3723
-1664
-2349
-2684
-4331
-734
-1224
-1381
-2
-3163
-4575
-1726
-3124
-1081
-245
-1448
-3846
-2535
-1454
329
-4503
-3161
-1754
-2074
-3505
-2063
-3603
454
-1534
-778
-4047
-322
-4022
-702
326
-4912
-533
73
-461
-632
-3039
-3812
-84
-1732
-1879
-3062
-1808
417
-4269
-681
-1716
-1993
-1751
-1759
-3181
-3787
-726
-3561
-2735
190
-2604
-2633
-1789
-3170
-3182
-4355
-4343
-1888
-3493
-1798
-284
-2208
-17
-4772
-3129
-2110
201
-2410
-3351
-4795
-3939
-1470
-4938
-176
-203
-2171
-778
-2990
-215
-4658
-1417
-1016
-1744
-1726
-2653
-4215
-4728
495
-858
-3741
-647
-16
7
-1385
-195
-137
-3811
-1892
-2488
97
-965
-668
-4646
-3567
197
-2987
-3255
302
-1092
-604
-2653
-2365
-983
-1867
-3683
-3064
-2025
-1721
-1338
-3392
-1037
-2772
-714
-4220
-1660
-4903
-3846
-1188
-4000
162
-3113
-2872
-1121
-1153
-301
-2325
-269
-3322
-2928
-941
-3266
51
-2409
-1158
-647
-1517
-2425
-4835
-3349
-4303
-1189
-623
-4412
-4813
-1741
-4751
-334
-3382
-1121
-2959
-1493
-2804
296
-1677
-3024
-3306
-2254
210
-2510
-2288
-3729
-61
-3856
-3669
13
-4249
-698
21
-2692
-4353
-2776
-3465
-976
81
-313
-4469
-3454
-4521
-4196
-2180
-1020
-3368
-1169
-1795
208
-1108
-277
-135
304
-1298
-4356
-134
-1391
429
-3751
-3727
-4146
-2728
-2426
-3359
-4107
334
-3862
-4352
-4032
-811
-974
319
-3171
-3074
-2656
-648
-4487
-1251
-4017
-4816
-1755
-546
-1532
-521
314
-4185
-3777
-3842
-3372
-2730
-4743
-246
-4205
-4145
-3030
-3613
-4485
-786
-2330
-3576
-710
-1260
-2049
-3417
209
-1949
-302
-4826
-3611
-2394
-4940
-3411
-4615
-1479
-2870
-242
-3640
-1581
-1809
-3562
-3968
-3936
-926
-4707
-2583
-4067
-4479
-4955
168
-2663
-1398
-1036
-1697
-4644
-4155
-3784
-1930
-1070
-3406
-1295
-262
-2664
-3939
438
-4991
-470
-2577
-4537
-250
-4502
-2165
-3759
-1109
-1615
-4289
-3817
-3050
-748
-2755
-2632
-2910
-2220
-1175
-177
-1499
406
-1219
-3384
-197
-4707
-2124
-398
-446
-3565
-529
-2943
-987
-3935
-454
38
-2881
-2859
-413
488
-3805
-752
-4694
-3962
-4021
-239
-1398
-1328
-3756
-1345
427
-3073
343
-1480
-802
-4126
-981
-382
-1963
-693
-446
-118
-1661
-2137
-4500
-2490
-4204
-4104
-1382
-1133
-4079
-1632
454
-4038
-2915
-4416
-3037
-2670
-2113
-858
-2316
-476
-439
-2884
363
-3384
-3807
-1385
-3998
-4229
-3286
-2305
-2945
490
-997
-4909
-3556
-1094
-1012
-4928
-4340
-3908
-3997
-3897
-3179
240
-2125
-1833
-2319
-4192
-1238
-4063
481
-2154
-4868
-3279
-4322
-4967
-460
-4680
-1443
-3338
30
-2501
-833
-2917
161
-1592
-897
-2103
-4346
402
466
-1445
-2787
-3176
68
-4643
-3832
-4408
-196
-1095
-536
-4129
-3338
-712
-3842
-4205
-1875
-3776
-3004
-273
-3726
-3173
-619
-3600
-1780
-338
-1474
-837
-337
-3717
-4141
367
-1402
-4909
-678
-179
-1387
-58
-355
485
-672
-950
-2345
-1644
-2361
277
-3900
-3638
-2424
-778
-2974
-4206
-3126
-1877
-4662
-3525
-168
-3233
-2853
-28
-4922
341
-659
-1904
-1758
-835
-1342
-3099
-846
-2075
-2810
-3079
-3236
-4277
-2352
-3525
-3545
-3804
-964
-310
-1072
-3319
-4248
-4930
-4420
-4040
-4781
-3432
-245
-2580
-291
-3794
-714
-4734
-1306
-1538
-856
348
348
-2129
-2758
452
-203
-4778
-3827
-2555
-2062
176
132
-231
-1362
-820
-1446
-308
-4839
-4759
-961
-1061
-4539
-4399
-3692
-1728
-3130
-2994
-2483
-364
164
-1582
-4794
-4216
-1773
-3009
-4058
-3046
-26
-1874
-2012
-4816
-1359
-3123
-805
-2711
-3691
-3721
-1824
-1733
-3441
116
284
-2439
-877
-3493
-1875
-99
-3565
-4358
173
-3947
-2095
-367
-2353
-1229
-4873
-4642
-1068
-2638
-3913
-4766
-327
-619
-528
-2197
-4882
88
-942
-2795
-24
-3783
-2794
-887
-3804
-890
-4193
-2500
-4262
-4080
-4752
-58
-661
-1089
-444
-140
-3637
-4766
-4612
-3992
-4089
-3973
-1573
-595
-3677
-2516
-3209
-225
35
-3990
472
197
-2453
-4942
-703
-2651
-1015
-1215
-3882
340
-4246
-3794
-162
-2553
-1210
-2754
-3976
-4062
-4277
-82
-4981
-4197
-2242
-672
-3683
-403
-4283
-3694
-1798
-3103
-4470
-542
-2250
-1823
-1977
-1812
-522
-2917
-1462
-3948
-583
-3541
-1901
-1130
-154
-3009
-1982
-1310
-1556
-2633
-422
-850
258
-3179
-1944
-697
-904
-303
-3587
-2864
-3025
-2237
-3768
-1276
-3796
-3742
-4188
-4959
-2312
-531
-376
-53
-1632
-1445
-2272
-3520
-1903
-3985
-3854
-3568
-2010
-4481
-2711
-4529
-1976
-4702
-323
-328
-2422
-936
-53
-584
-1553
-2515
57
-2677
-1254
-336
-4467
192
474
-303
-2425
-2315
-3043
-3396
-1675
-2528
-1442
-4671
-551
-3853
-3414
-3325
-1426
-48
-2222
-545
161
-2866
-2517
-4798
-1356
-1544
-1681
63
-1006
460
-545
-4665
-1467
-2133
-3746
-3855
-1177
-673
-2451
-2744
-4715
-3359
-2942
-455
-2109
-2896
-496
-790
335
-4697
-385
-648
330
19
-832
-3037
-2690
-318
-2842
-1098
-4801
-80
-2970
-1049
-4429
-1872
-1710
-4183
-1048
-4624
-2170
-4976
-913
-1411
-2210
-4817
-149
-2742
-3026
-4017
-3129
410
-950
-4707
-2164
-4764
-930
-3878
-2532
-4008
-1732
-1354
-2434
-2127
233
-2131
-4504
-2614
-2998
-477
-2495
-4546
-2957
-3779
-1859
-1374
146
-4718
-3628
-2253
-1412
178
-3784
-496
-2563
-1290
-2716
-395
-4832
-769
-3935
-564
-2545
-4464
-955
-1021
406
-4921
-341
-1315
-3690
-226
-1179
-2466
-950
-3255
-2679
-846
-3166
-4141
-1219
-851
-3015
-1847
-4299
-4831
-678
-4709
-3075
-3006
-4789
-3748
-575
212
-4584
-1982
-4154
-3163
-2437
-3784
-3297
-4342
-326
-1147
-3911
-4635
-3114
-4214
-507
-4862
-1403
-2459
-1710
-4626
-1259
-678
-2203
-532
-4735
-837
-2767
-4836
-446
152
-1109
-3690
55
-3389
359
-2327
-2105
-3368
-2285
-206
-4881
-4420
-1095
-1378
-2040
134
-2739
-32
-498
-3529
310
-2580
-755
-2298
-4518
-4862
-2042
-594
474
-272
-4367
-3603
-1385
-758
-4049
-4073
488
-4397
-2906
-4120
-2749
-1634
-222
-207
-1870
-1188
-1709
-759
-3069
-3300
-4867
-2109
-4456
-2791
-4371
269
-2398
-3378
-2405
-1535
-683
-3990
-2943
-944
-1250
-3849
-1139
-348
489
-1761
-1450
-3285
-65
-4242
-2204
-3816
-2996
-3098
-2360
-28
-1833
225
-4245
-2514
-2975
-3789
-675
-1053
-995
-1185
-2505
-2967
-4764
-366
-609
-4756
-211
-3982
-4037
-2911
-2300
-4291
-4605
-4524
-3224
-4251
-623
-1114
-233
276
-3776
-1842
-63
-3841
151
-3045
162
-4211
-1792
-2897
-3068
-517
-1219
-1484
-140
-3891
-4625
-9
-3546
-2326
24
492
-1179
178
-621
-2425
-3341
-2629
353
99
-1250
-2141
-4934
-4688
306
-2432
-4031
-4888
429
-1913
-4585
-4516
-697
-1228
-2642
-276
-4536
-1627
-4986
-3804
188
-1781
-4805
-2982
-1547
-1964
-3102
157
-952
-2772
-2957
-3264
-155
-3646
-4864
-2507
-4597
-2397
-3376
-1583
324
-3417
-2045
-377
-1067
-4399
-1442
-3159
-1297
-2976
-3542
-3684
496
-1289
-2908
-4900
-82
-602
-4435
-3118
94
-2135
-4966
-3399
-327
352
-2116
-1998
218
-3712
444
-4231
-1579
-4960
146
-2795
-2833
25
-234
-3396
111
-4864
-1831
-3931
-701
-2809
-1838
-457
-1738
-2907
-179
205
-2759
-2905
-2713
-2952
-4497
-4908
-3088
-1166
-4119
-308
-3095
-859
-1083
-298
-3924
-4912
77
-2361
-1634
-2829
304
-386
-4814
-718
-1613
-2661
-413
-189
-3208
-59
-569
-1445
-3096
-107
-664
-4238
-3391
319
-3216
-1414
-338
-700
-4844
-286
-176
-4785
-3785
93
-408
-2283
-1764
-3846
-476
-3838
-1101
-374
-1376
-2488
-4220
71
-2619
-4243
-1028
-3887
-15
-3801
-3390
0
-1016
113
-3081
-4950
-4398
362
-1830
-4135
-4750
-4398
-1235
-3581
-4841
-4286
124
-580
-4361
-1559
-330
-2867
-2304
-3368
-3488
-3782
-3887
330
-1010
-4657
-1986
-3446
-2523
-3111
-4107
-3116
-2864
-4339
-2803
-4242
-204
455
-3940
117
-1304
-4789
-56
-2280
-1785
-456
-3793
265
-1044
-763
-3654
467
-4161
-3033
-1309
-1100
-1364
-4378
-4820
-410
-68
-467
293
-1927
-1835
254
-2899
382
168
56
-3151
262
-3334
-3248
-3921
-2154
-1009
-4631
-3132
78
-582
201
298
-4206
-556
422
-2376
-69
-773
-1564
-3736
-2555
-1229
-394
-1413
-13
-877
-1949
-4393
-4448
-753
-3974
225
-495
-119
264
-2152
-2869
-3297
-3296
-918
-915
-2089
-2533
-1679
-2796
-1393
-3618
-2699
-141
-986
-2093
-501
-2871
-3938
-4659
-2887
-3648
-3944
-97
-2434
-4224
-3671
-3697
-1066
-861
-4001
-1389
-1763
-2095
-2592
-1516
-630
-685
-4229
116
-2312
-193
-909
-2468
-1375
-2728
-1874
-3317
-4030
-3104
-2428
-2158
-2857
-713
14
-3040
-768
-3420
-4367
-2783
-1314
-1967
-2594
-1223
-3568
-4979
-3548
-2933
-2273
-4352
-3832
-3486
-4626
-4816
-3416
-3614
282
-4701
-614
-2585
-1118
-31
-1991
-88
-1759
-4857
18
-4274
-886
-2524
-2149
-4086
-3382
-1570
-3591
-701
-3701
-1716
-335
-778
-3068
-2221
-3282
-4243
-171